1	1	1
1	11	0.5544
1	17	0.6606
1	18	0.6606
1	19	0.6606
1	42	0.6606
1	43	0.5544
1	49	0.5544
1	64	0.5544
1	78	0.6606
1	98	0.5544
1	128	0.5544
1	144	0.5544
1	195	0.5544
2	2	1
2	51	0.6606
2	101	0.5544
2	168	0.5544
2	179	0.5154
2	238	0.5154
2	250	0.5544
3	3	1
3	4	0.5544
3	191	0.5544
3	192	0.5544
3	193	0.5154
3	201	0.5544
3	202	0.5544
3	203	0.5544
3	204	0.5544
3	213	0.5544
3	231	0.5544
4	3	0.5544
4	4	1
4	69	0.5154
4	187	0.5154
5	3	0.5544
5	5	1
5	15	0.5544
5	19	0.5544
5	39	0.5544
5	72	0.5154
5	84	0.5544
5	97	0.5544
5	111	0.5544
5	112	0.5544
5	113	0.6606
5	116	0.5544
5	117	0.5544
5	118	0.5544
5	123	0.5544
5	126	0.5544
5	140	0.5544
5	145	0.5154
5	148	0.5544
5	149	0.5544
5	161	0.5544
5	166	0.6606
5	167	0.5544
5	168	0.5544
5	176	0.5544
5	185	0.5544
5	188	0.5544
5	191	0.5544
5	192	0.5544
5	193	0.5154
5	200	0.5544
5	201	0.5544
5	202	0.5544
5	203	0.5544
5	204	0.5544
5	210	0.5544
5	212	0.5154
5	225	0.5544
5	227	0.5544
5	231	0.5544
5	235	0.5154
5	243	0.5544
6	6	1
6	156	0.5544
6	240	0.6606
6	243	0.5544
7	7	1
7	8	0.5544
7	10	0.5544
7	11	0.5544
7	12	0.5544
7	17	0.5544
7	26	0.5544
7	27	0.5544
7	43	0.5544
7	87	0.5544
7	96	0.5544
7	132	0.5544
7	133	0.5154
7	177	0.5154
7	198	0.5544
7	215	0.5544
8	7	0.5544
8	8	1
8	87	0.5544
8	93	0.5544
8	96	0.5544
8	132	0.5544
8	133	0.5154
8	140	0.5544
8	176	0.5544
8	183	0.5544
8	212	0.5154
8	247	0.5544
9	9	1
9	26	0.5544
9	68	0.5544
9	113	0.5544
10	7	0.5544
10	10	1
10	11	0.5544
10	12	0.5544
10	38	0.5544
10	93	0.5544
10	94	0.5544
10	95	0.5544
10	176	0.5544
10	215	0.5544
11	1	0.5544
11	7	0.5544
11	10	0.5544
11	11	1
11	12	0.5544
11	49	0.5544
11	64	0.5544
11	215	0.5544
12	7	0.5544
12	10	0.5544
12	11	0.5544
12	12	1
12	215	0.5544
13	13	1
14	14	1
14	40	0.5544
14	42	0.5544
14	69	0.5154
14	74	0.6606
14	75	0.6606
14	76	0.5544
14	94	0.5544
14	107	0.5544
14	108	0.5544
14	109	0.5544
14	144	0.5154
14	227	0.5544
14	234	0.5544
15	15	1
15	113	0.5544
15	123	0.5544
15	140	0.5544
15	167	0.5544
15	188	0.5544
15	200	0.5544
15	204	0.5544
15	210	0.5544
15	212	0.5154
16	16	1
16	36	0.6606
17	1	0.6606
17	7	0.5544
17	12	0.5154
17	17	1
17	18	0.5544
17	19	0.5544
17	26	0.5544
17	27	0.5544
17	28	0.5544
17	31	0.5544
17	42	0.6606
17	43	0.5544
17	45	0.5544
17	95	0.5544
17	132	0.5544
17	133	0.5154
17	144	0.5544
17	176	0.5544
17	177	0.5154
17	183	0.5544
17	189	0.5544
17	198	0.5544
17	230	0.5544
17	235	0.5154
18	1	0.6606
18	17	0.5544
18	18	1
18	19	0.5544
18	42	0.5544
18	43	0.6606
18	114	0.5544
18	115	0.5544
18	143	0.5544
18	144	0.5154
18	212	0.5154
18	224	0.501
19	1	0.6606
19	17	0.5544
19	18	0.5544
19	19	1
19	42	0.5544
19	97	0.5544
19	113	0.5544
19	144	0.5154
19	210	0.5154
20	20	1
20	161	0.5544
20	184	0.6606
21	1	0.5544
21	2	0.5544
21	21	1
21	37	0.5544
21	39	0.5544
21	59	0.5544
21	64	0.5544
21	66	0.6606
21	78	0.6606
21	84	0.5544
21	91	0.5154
21	98	0.5544
21	103	0.5544
21	112	0.5544
21	113	0.5544
21	117	0.5544
21	126	0.5544
21	127	0.5154
21	128	0.5544
21	137	0.5154
21	149	0.5544
21	156	0.5544
21	168	0.5544
21	170	0.5544
21	178	0.5544
21	185	0.5544
21	189	0.5544
21	205	0.5544
21	206	0.5154
21	207	0.5544
21	212	0.5154
21	216	0.5154
21	217	0.6606
21	222	0.5544
21	223	0.5544
21	235	0.5154
21	243	0.5544
22	22	1
22	50	0.5544
22	123	0.5544
22	131	0.5544
22	138	0.5544
22	163	0.5154
22	179	0.5154
22	195	0.5544
22	214	0.5544
23	1	0.5544
23	11	0.5544
23	23	1
23	31	0.5544
23	34	0.5544
23	49	0.5544
23	64	0.5544
23	80	0.5544
23	148	0.5544
23	187	0.5154
23	218	0.5544
24	24	1
24	188	0.5544
25	8	0.5544
25	10	0.5544
25	19	0.5544
25	24	0.5544
25	25	1
25	93	0.5544
25	94	0.5544
25	95	0.5544
25	97	0.5544
25	111	0.5544
25	118	0.5544
25	132	0.5544
25	133	0.5154
25	176	0.5544
25	213	0.5154
26	7	0.5544
26	9	0.5544
26	12	0.5154
26	17	0.5544
26	26	1
26	27	0.5544
26	28	0.5544
26	29	0.6606
26	43	0.5544
26	67	0.5544
26	68	0.5544
26	87	0.5154
26	91	0.5154
26	96	0.5154
26	113	0.5544
26	132	0.5544
26	133	0.5154
26	177	0.5154
26	183	0.5544
26	189	0.5544
26	198	0.5544
26	212	0.5154
26	224	0.501
26	230	0.5544
26	235	0.5154
27	7	0.5544
27	17	0.5544
27	26	0.5544
27	27	1
27	28	0.5544
27	43	0.5544
27	67	0.5544
27	132	0.5544
27	133	0.5154
27	177	0.5154
27	198	0.5544
28	17	0.5544
28	26	0.5544
28	27	0.5544
28	28	1
28	43	0.5544
28	67	0.5544
28	177	0.5154
28	183	0.5544
28	189	0.5544
28	230	0.5544
28	235	0.5154
29	1	0.5544
29	7	0.5544
29	8	0.5544
29	10	0.5544
29	11	0.5544
29	12	0.5544
29	14	0.5544
29	26	0.6606
29	29	1
29	43	0.5544
29	49	0.5544
29	64	0.5544
29	76	0.5544
29	87	0.5544
29	94	0.5544
29	96	0.5544
29	101	0.5544
29	107	0.5544
29	108	0.5544
29	109	0.5544
29	200	0.5544
29	215	0.5544
29	224	0.5154
29	248	0.5544
30	30	1
31	12	0.5154
31	17	0.5544
31	31	1
31	80	0.5544
31	95	0.5544
31	100	0.5544
31	114	0.5544
31	115	0.5544
31	176	0.5544
31	177	0.5154
32	32	1
32	161	0.5544
33	33	1
34	34	1
34	163	0.5154
35	35	1
36	16	0.6606
36	36	1
36	46	0.5544
37	37	1
37	39	0.5544
37	55	0.5544
37	59	0.5544
37	60	0.6606
37	71	0.5154
37	129	0.5544
37	131	0.5544
37	163	0.5154
37	178	0.5544
37	185	0.5544
37	186	0.5544
37	212	0.5154
37	222	0.5544
37	227	0.5544
37	246	0.5154
38	10	0.5544
38	16	0.5154
38	38	1
38	61	0.5544
38	142	0.5154
39	37	0.5544
39	39	1
39	128	0.5544
39	178	0.5544
39	212	0.5154
40	14	0.5544
40	40	1
40	69	0.5154
40	82	0.6606
40	83	0.6606
40	179	0.5154
40	191	0.5544
40	227	0.5544
40	234	0.5544
40	250	0.5544
41	41	1
42	1	0.6606
42	14	0.5544
42	17	0.6606
42	18	0.5544
42	19	0.5544
42	42	1
42	43	0.5544
42	56	0.5154
42	144	0.6606
42	179	0.5154
42	196	0.5544
43	1	0.5544
43	7	0.5544
43	17	0.5544
43	18	0.6606
43	26	0.5544
43	27	0.5544
43	28	0.5544
43	42	0.5544
43	43	1
43	45	0.5544
43	56	0.5154
43	89	0.5544
43	91	0.5154
43	114	0.6606
43	115	0.6606
43	132	0.5544
43	133	0.5154
43	144	0.5154
43	177	0.5154
43	179	0.5154
43	196	0.5544
43	198	0.5544
43	200	0.5544
43	210	0.5154
43	212	0.5544
43	224	0.5154
44	1	0.5544
44	3	0.5544
44	4	0.5544
44	11	0.5544
44	15	0.5544
44	17	0.5544
44	26	0.5544
44	42	0.5544
44	43	0.5544
44	44	1
44	45	0.5544
44	49	0.5544
44	56	0.5154
44	64	0.5544
44	91	0.5154
44	94	0.5544
44	144	0.5154
44	179	0.5154
44	183	0.5544
44	196	0.5544
44	200	0.5544
44	212	0.5154
44	224	0.5154
45	17	0.5544
45	43	0.5544
45	45	1
45	132	0.5544
45	133	0.5154
45	177	0.5154
46	12	0.5154
46	16	0.5154
46	36	0.5544
46	46	1
46	47	0.6606
46	55	0.5544
46	63	0.5154
46	70	0.5544
46	71	0.5154
46	120	0.6606
46	162	0.5544
46	195	0.5544
46	214	0.5544
46	246	0.5154
47	2	0.5544
47	7	0.5544
47	8	0.5544
47	10	0.5544
47	11	0.5544
47	12	0.5544
47	16	0.5154
47	26	0.5544
47	36	0.5544
47	42	0.5544
47	46	0.6606
47	47	1
47	49	0.5544
47	63	0.5154
47	80	0.5544
47	86	0.6606
47	97	0.5544
47	101	0.5544
47	144	0.5154
47	160	0.5544
47	166	0.5544
47	215	0.5544
47	238	0.5154
47	250	0.5544
48	48	1
48	54	0.6606
48	98	0.5544
48	104	0.6606
48	250	0.5544
49	1	0.5544
49	11	0.5544
49	49	1
49	53	0.6606
49	64	0.5544
49	80	0.5544
49	81	0.5544
49	97	0.5544
49	143	0.5544
49	162	0.5544
49	222	0.5544
50	22	0.5544
50	50	1
50	55	0.5544
50	56	0.5154
50	57	0.5544
50	69	0.5154
50	71	0.5154
50	98	0.5544
50	100	0.6606
50	123	0.5544
50	124	0.5544
50	129	0.6606
50	136	0.6606
50	143	0.5544
50	157	0.5544
50	163	0.5154
50	173	0.5154
50	174	0.5154
50	175	0.501
50	181	0.501
50	195	0.5544
50	196	0.6606
50	209	0.5544
50	222	0.5544
50	223	0.5544
50	224	0.501
50	246	0.5154
51	2	0.6606
51	12	0.5154
51	13	0.501
51	14	0.5544
51	16	0.5154
51	17	0.5544
51	26	0.5544
51	27	0.5544
51	28	0.5544
51	40	0.5544
51	48	0.5544
51	51	1
51	54	0.6606
51	67	0.5544
51	69	0.5154
51	80	0.5544
51	87	0.5154
51	96	0.5154
51	163	0.5154
51	199	0.5544
51	203	0.5544
51	205	0.5544
51	213	0.5154
51	227	0.5544
51	234	0.5544
51	238	0.5544
51	241	0.5544
52	52	1
53	1	0.5544
53	11	0.5544
53	14	0.5544
53	31	0.5544
53	48	0.5544
53	49	0.6606
53	53	1
53	54	0.6606
53	64	0.5544
53	69	0.5154
53	76	0.5544
53	80	0.5544
53	81	0.5154
53	88	0.6606
53	91	0.5154
53	94	0.5544
53	97	0.5544
53	101	0.5544
53	102	0.5544
53	107	0.5544
53	108	0.5544
53	109	0.5544
53	116	0.5544
53	122	0.5544
53	126	0.5544
53	127	0.5154
53	128	0.5544
53	131	0.5544
53	134	0.5544
53	137	0.5154
53	140	0.5544
53	155	0.5544
53	178	0.5544
53	179	0.5154
53	187	0.5154
53	191	0.5544
53	192	0.5544
53	193	0.5154
53	196	0.5544
53	200	0.5544
53	203	0.5544
53	206	0.5154
53	222	0.6606
53	224	0.501
53	247	0.5154
54	1	0.5544
54	2	0.5544
54	11	0.5544
54	13	0.501
54	16	0.5154
54	26	0.5544
54	30	0.5154
54	31	0.5544
54	34	0.5544
54	37	0.5544
54	39	0.5544
54	40	0.5544
54	48	0.6606
54	49	0.5544
54	51	0.6606
54	53	0.6606
54	54	1
54	60	0.5544
54	64	0.5544
54	80	0.5544
54	84	0.5544
54	88	0.6606
54	91	0.5154
54	97	0.5544
54	98	0.5544
54	101	0.5544
54	103	0.5544
54	104	0.6606
54	106	0.6606
54	112	0.5544
54	116	0.5544
54	117	0.5544
54	118	0.5544
54	126	0.5544
54	128	0.5544
54	137	0.5154
54	145	0.5154
54	149	0.5544
54	155	0.5544
54	156	0.5544
54	161	0.5544
54	166	0.5544
54	168	0.5544
54	169	0.6606
54	170	0.5544
54	178	0.5544
54	179	0.5154
54	182	0.6606
54	183	0.5544
54	185	0.5544
54	187	0.5154
54	189	0.5544
54	191	0.5544
54	193	0.5154
54	196	0.5544
54	197	0.5544
54	200	0.5544
54	205	0.5544
54	206	0.5154
54	207	0.5544
54	209	0.5154
54	210	0.5154
54	212	0.5154
54	216	0.5154
54	217	0.6606
54	218	0.5544
54	222	0.5544
54	224	0.501
54	225	0.5544
54	235	0.5154
54	238	0.5154
54	242	0.5154
54	250	0.5544
55	12	0.5154
55	37	0.5544
55	46	0.5544
55	50	0.5544
55	55	1
55	56	0.5544
55	57	0.6606
55	58	0.5544
55	71	0.6606
55	120	0.6606
55	129	0.5544
55	130	0.5544
55	131	0.5544
55	141	0.5544
55	143	0.6606
55	157	0.6606
55	163	0.5154
55	171	0.6606
55	172	0.6606
55	246	0.6606
56	55	0.5544
56	56	1
56	57	0.6606
56	58	0.6606
56	71	0.6606
56	171	0.5544
56	172	0.5544
56	246	0.5154
57	50	0.5544
57	55	0.6606
57	56	0.6606
57	57	1
57	58	0.5544
57	71	0.6606
57	124	0.5544
57	143	0.5544
57	157	0.5544
57	171	0.5544
57	172	0.5544
57	222	0.5544
57	224	0.501
57	246	0.5544
58	55	0.5544
58	56	0.6606
58	57	0.5544
58	58	1
58	71	0.6606
58	123	0.5544
58	130	0.5544
58	131	0.5544
58	136	0.5544
58	143	0.5544
58	157	0.5544
58	158	0.6606
58	166	0.5544
58	171	0.5544
58	172	0.6606
58	246	0.5154
59	16	0.5154
59	37	0.5544
59	59	1
59	227	0.5544
60	13	0.501
60	30	0.5154
60	37	0.6606
60	60	1
60	62	0.5544
60	65	0.6606
60	68	0.5544
60	85	0.5544
60	103	0.5544
60	128	0.5544
60	129	0.5544
60	131	0.5544
60	161	0.5544
60	163	0.5154
60	166	0.5544
60	185	0.6606
60	186	0.6606
60	187	0.5154
60	199	0.5544
60	203	0.5544
60	206	0.5154
60	233	0.5544
60	243	0.5544
61	38	0.5544
61	61	1
61	142	0.5154
62	60	0.5544
62	62	1
62	85	0.5544
62	103	0.5544
62	127	0.5154
62	161	0.5544
62	179	0.5154
63	63	1
64	1	0.5544
64	11	0.5544
64	49	0.5544
64	64	1
64	138	0.5544
64	190	0.5544
64	196	0.5544
64	209	0.5154
65	9	0.5544
65	13	0.5154
65	26	0.5544
65	37	0.5544
65	60	0.6606
65	65	1
65	66	0.6606
65	68	0.5544
65	91	0.5154
65	103	0.5544
65	113	0.5544
65	127	0.5154
65	153	0.6606
65	166	0.6606
65	185	0.5544
65	186	0.5544
65	196	0.5544
65	213	0.5154
65	242	0.5154
66	1	0.5544
66	4	0.5544
66	11	0.5544
66	13	0.501
66	16	0.5154
66	21	0.6606
66	26	0.5544
66	27	0.5544
66	28	0.5544
66	31	0.5544
66	32	0.5154
66	33	0.5154
66	37	0.5544
66	39	0.5544
66	40	0.5544
66	49	0.5544
66	50	0.5544
66	60	0.5544
66	64	0.5544
66	65	0.6606
66	66	1
66	67	0.5544
66	69	0.5154
66	77	0.6606
66	80	0.5544
66	91	0.5154
66	98	0.5544
66	102	0.5544
66	106	0.6606
66	112	0.5544
66	117	0.5544
66	119	0.6606
66	127	0.5544
66	128	0.5544
66	136	0.5544
66	145	0.5154
66	155	0.5544
66	156	0.5544
66	160	0.5544
66	161	0.5544
66	163	0.5154
66	166	0.5544
66	170	0.5544
66	178	0.5544
66	179	0.5154
66	181	0.501
66	187	0.5154
66	205	0.5544
66	212	0.5154
66	223	0.5544
66	224	0.501
66	241	0.5544
66	247	0.5154
67	26	0.5544
67	27	0.5544
67	28	0.5544
67	67	1
67	223	0.5544
67	248	0.6606
68	9	0.5544
68	26	0.5544
68	60	0.5544
68	68	1
68	113	0.5544
68	114	0.5544
69	69	1
69	209	0.5154
70	12	0.5154
70	46	0.5544
70	63	0.5154
70	70	1
70	157	0.5544
70	162	0.5544
70	214	0.5544
71	55	0.6606
71	56	0.6606
71	57	0.6606
71	58	0.6606
71	71	1
71	143	0.5544
71	157	0.5544
71	171	0.6606
71	172	0.5544
71	246	0.5544
72	72	1
73	73	1
74	14	0.6606
74	18	0.5544
74	31	0.5544
74	34	0.5544
74	42	0.5544
74	74	1
74	76	0.5544
74	80	0.5544
74	94	0.5544
74	107	0.5544
74	108	0.5544
74	109	0.5544
74	111	0.5544
74	113	0.5544
74	115	0.5544
74	118	0.5544
74	124	0.5544
74	144	0.5154
74	176	0.5544
74	188	0.5544
74	200	0.5544
74	224	0.501
75	14	0.6606
75	16	0.5154
75	18	0.5544
75	31	0.5544
75	34	0.5544
75	42	0.5544
75	68	0.5544
75	75	1
75	76	0.5544
75	80	0.5544
75	94	0.5544
75	102	0.5544
75	107	0.5544
75	108	0.5544
75	109	0.5544
75	111	0.5544
75	113	0.5544
75	115	0.5544
75	118	0.5544
75	144	0.5154
75	173	0.5154
75	174	0.5154
75	175	0.501
75	176	0.5544
75	185	0.5544
75	188	0.5544
75	203	0.5544
76	14	0.5544
76	76	1
76	80	0.5544
76	94	0.5544
76	107	0.5544
76	108	0.5544
76	109	0.5544
76	113	0.5544
76	188	0.5544
77	14	0.5544
77	33	0.5154
77	39	0.5544
77	42	0.5544
77	66	0.6606
77	68	0.5544
77	72	0.5154
77	76	0.5544
77	77	1
77	86	0.6606
77	94	0.5544
77	107	0.5544
77	108	0.5544
77	109	0.5544
77	113	0.5544
77	127	0.5154
77	144	0.5154
77	160	0.5544
77	188	0.5544
77	202	0.5544
77	213	0.5154
78	1	0.6606
78	2	0.5544
78	13	0.501
78	17	0.5544
78	18	0.5544
78	19	0.5544
78	21	0.6606
78	30	0.5154
78	37	0.5544
78	39	0.5544
78	40	0.5544
78	42	0.5544
78	48	0.5544
78	59	0.5544
78	60	0.5544
78	78	1
78	84	0.5544
78	88	0.6606
78	98	0.6606
78	99	0.5544
78	101	0.5544
78	103	0.5544
78	104	0.6606
78	106	0.6606
78	112	0.5544
78	116	0.5544
78	117	0.5544
78	118	0.5544
78	124	0.5544
78	126	0.5544
78	128	0.6606
78	137	0.5154
78	144	0.5154
78	149	0.5544
78	156	0.5544
78	166	0.5544
78	168	0.5544
78	170	0.5544
78	178	0.5544
78	185	0.5544
78	187	0.5154
78	191	0.5544
78	192	0.5544
78	193	0.5154
78	196	0.5544
78	200	0.5544
78	203	0.5544
78	204	0.5544
78	205	0.5544
78	210	0.5154
78	212	0.5154
78	218	0.5544
78	222	0.5544
78	225	0.5544
78	227	0.5544
78	235	0.5154
78	238	0.5154
78	244	0.5544
78	250	0.5544
79	79	1
80	31	0.5544
80	49	0.5544
80	76	0.5544
80	80	1
80	97	0.5544
80	188	0.5544
81	49	0.5544
81	81	1
82	2	0.5544
82	16	0.5154
82	30	0.5154
82	37	0.5544
82	39	0.5544
82	40	0.6606
82	48	0.5544
82	52	0.5154
82	59	0.5544
82	60	0.5544
82	62	0.5544
82	82	1
82	83	0.6606
82	85	0.5544
82	98	0.5544
82	101	0.5544
82	103	0.5544
82	104	0.6606
82	128	0.5544
82	155	0.5544
82	156	0.5544
82	161	0.5544
82	165	0.6606
82	168	0.5544
82	178	0.5544
82	179	0.5154
82	187	0.5154
82	191	0.5544
82	200	0.5544
82	209	0.5154
82	210	0.5154
82	212	0.5154
82	213	0.5154
82	221	0.6606
82	222	0.5544
82	223	0.5544
82	225	0.5544
82	227	0.5544
82	238	0.5154
82	245	0.6606
82	250	0.6606
83	2	0.5544
83	16	0.5154
83	39	0.5544
83	40	0.6606
83	52	0.5154
83	60	0.5544
83	62	0.5544
83	82	0.6606
83	83	1
83	85	0.5544
83	101	0.5544
83	103	0.5544
83	128	0.5544
83	156	0.5544
83	161	0.5544
83	165	0.6606
83	168	0.5544
83	179	0.5154
83	209	0.5154
83	216	0.5154
83	217	0.6606
83	221	0.6606
83	222	0.5544
83	223	0.5544
83	225	0.5544
83	238	0.5154
83	250	0.5544
84	84	1
84	112	0.5544
84	117	0.5544
84	126	0.5544
84	149	0.5544
84	168	0.5544
84	185	0.5544
84	235	0.5154
85	16	0.5154
85	33	0.5154
85	60	0.5544
85	62	0.5544
85	85	1
85	103	0.5544
85	142	0.5154
85	145	0.5154
85	161	0.5544
85	222	0.5544
86	1	0.5544
86	11	0.5544
86	12	0.5154
86	13	0.501
86	14	0.5544
86	20	0.5544
86	31	0.5544
86	34	0.5544
86	42	0.5544
86	46	0.5544
86	47	0.6606
86	49	0.5544
86	50	0.5544
86	64	0.5544
86	69	0.5154
86	76	0.5544
86	77	0.6606
86	80	0.5544
86	86	1
86	91	0.5154
86	144	0.5154
86	152	0.5544
86	155	0.5544
86	160	0.6606
86	161	0.5544
86	166	0.5544
86	170	0.5544
86	176	0.5544
86	178	0.5544
86	184	0.6606
86	187	0.5154
86	222	0.5544
86	241	0.5544
87	7	0.5544
87	8	0.5544
87	87	1
87	96	0.5544
88	1	0.5544
88	31	0.5544
88	33	0.5154
88	34	0.5544
88	37	0.5544
88	39	0.5544
88	45	0.5544
88	48	0.5544
88	49	0.5544
88	53	0.6606
88	54	0.6606
88	55	0.5544
88	59	0.5544
88	60	0.5544
88	69	0.5154
88	71	0.5154
88	78	0.6606
88	80	0.5544
88	84	0.5544
88	85	0.5544
88	88	1
88	91	0.5154
88	93	0.5544
88	98	0.5544
88	103	0.5544
88	104	0.6606
88	116	0.5544
88	118	0.5544
88	125	0.5544
88	128	0.6606
88	134	0.5544
88	137	0.5154
88	145	0.5154
88	148	0.5544
88	153	0.6606
88	154	0.6606
88	161	0.5544
88	163	0.5154
88	164	0.6606
88	166	0.5544
88	168	0.5544
88	178	0.5544
88	185	0.5544
88	187	0.5154
88	193	0.5154
88	197	0.5544
88	205	0.5544
88	206	0.5154
88	209	0.5154
88	212	0.5154
88	218	0.5544
88	222	0.5544
88	227	0.5544
88	238	0.5154
88	246	0.5154
89	43	0.5544
89	89	1
89	90	0.6606
89	91	0.6606
89	132	0.5544
89	133	0.5154
89	177	0.5154
90	89	0.6606
90	90	1
90	91	0.6606
90	161	0.5544
91	89	0.6606
91	90	0.6606
91	91	1
92	4	0.5544
92	8	0.5544
92	10	0.5544
92	14	0.5544
92	26	0.5544
92	76	0.5544
92	91	0.5154
92	92	1
92	93	0.5544
92	94	0.5544
92	95	0.5544
92	107	0.5544
92	108	0.5544
92	109	0.5544
92	132	0.5544
92	133	0.5154
92	176	0.5544
92	183	0.5544
92	196	0.5544
92	212	0.5154
92	213	0.5154
92	225	0.5544
92	242	0.5154
93	8	0.5544
93	10	0.5544
93	93	1
93	94	0.5544
93	95	0.5544
93	132	0.5544
93	133	0.5154
93	176	0.5544
94	10	0.5544
94	14	0.5544
94	76	0.5544
94	93	0.5544
94	94	1
94	95	0.5544
94	107	0.5544
94	108	0.5544
94	109	0.5544
94	176	0.5544
94	230	0.5544
94	235	0.5154
95	10	0.5544
95	17	0.5544
95	31	0.5544
95	93	0.5544
95	94	0.5544
95	95	1
95	176	0.5544
95	177	0.5154
96	7	0.5544
96	8	0.5544
96	87	0.5544
96	96	1
97	19	0.5544
97	49	0.5544
97	80	0.5544
97	97	1
97	105	0.6606
98	1	0.5544
98	48	0.5544
98	50	0.5544
98	78	0.6606
98	98	1
98	104	0.6606
98	128	0.5544
98	163	0.5154
98	181	0.501
98	223	0.5544
99	99	1
99	200	0.5544
99	208	0.5544
99	218	0.6606
100	12	0.5154
100	31	0.5544
100	50	0.6606
100	100	1
100	114	0.5544
100	115	0.5544
100	127	0.5154
100	129	0.6606
100	136	0.5544
100	156	0.5544
100	195	0.5544
100	196	0.5544
100	209	0.5154
100	218	0.5544
100	239	0.6606
101	2	0.5544
101	101	1
101	250	0.5544
102	13	0.501
102	102	1
102	122	0.5544
102	126	0.5544
102	203	0.5544
102	205	0.5544
103	13	0.501
103	60	0.5544
103	62	0.5544
103	85	0.5544
103	91	0.5154
103	103	1
103	143	0.5544
103	145	0.5154
103	161	0.5544
103	244	0.5544
104	1	0.5544
104	2	0.5544
104	6	0.5544
104	13	0.501
104	16	0.5154
104	19	0.5544
104	30	0.5154
104	31	0.5544
104	32	0.5154
104	33	0.5154
104	37	0.5544
104	39	0.5544
104	40	0.5544
104	42	0.5544
104	43	0.5544
104	48	0.6606
104	49	0.5544
104	50	0.5544
104	54	0.6606
104	56	0.5154
104	60	0.5544
104	62	0.5544
104	69	0.5154
104	78	0.6606
104	80	0.5544
104	82	0.6606
104	88	0.6606
104	91	0.5154
104	97	0.5544
104	98	0.6606
104	100	0.5544
104	101	0.5544
104	103	0.5544
104	104	1
104	106	0.6606
104	116	0.5544
104	118	0.5544
104	124	0.5544
104	127	0.5154
104	128	0.5544
104	137	0.5154
104	143	0.5544
104	144	0.5154
104	155	0.5544
104	156	0.5544
104	163	0.5154
104	166	0.5544
104	178	0.5544
104	179	0.5154
104	185	0.5544
104	187	0.5154
104	191	0.5544
104	193	0.5154
104	196	0.5544
104	200	0.5544
104	203	0.5544
104	204	0.5544
104	205	0.5544
104	206	0.5154
104	209	0.5154
104	210	0.5154
104	218	0.5544
104	222	0.5544
104	227	0.5544
104	238	0.5154
104	239	0.6606
104	240	0.6606
104	242	0.5154
104	243	0.5544
104	245	0.6606
104	250	0.5544
105	9	0.5544
105	15	0.5544
105	18	0.5544
105	26	0.5544
105	34	0.5544
105	46	0.5544
105	55	0.5544
105	68	0.5544
105	69	0.5154
105	71	0.5154
105	81	0.5154
105	97	0.6606
105	100	0.5544
105	105	1
105	108	0.5544
105	111	0.5544
105	113	0.5544
105	118	0.5544
105	120	0.6606
105	157	0.5544
105	176	0.5544
105	200	0.5544
105	203	0.5544
105	218	0.5544
105	238	0.5154
105	246	0.5154
105	247	0.5154
106	1	0.5544
106	2	0.5544
106	16	0.5154
106	30	0.5154
106	40	0.5544
106	48	0.5544
106	54	0.6606
106	66	0.6606
106	67	0.5544
106	69	0.5154
106	78	0.6606
106	98	0.5544
106	103	0.5544
106	104	0.6606
106	106	1
106	116	0.5544
106	124	0.5544
106	127	0.5154
106	128	0.5544
106	137	0.5154
106	140	0.5544
106	156	0.5544
106	169	0.6606
106	170	0.5544
106	179	0.5154
106	187	0.5154
106	191	0.5544
106	192	0.5544
106	193	0.5154
106	200	0.5544
106	205	0.5544
106	209	0.5154
106	210	0.5154
106	220	0.6606
106	221	0.6606
106	222	0.5544
106	223	0.5544
106	224	0.501
106	226	0.6606
106	241	0.5544
106	244	0.5544
106	245	0.6606
106	248	0.5544
106	250	0.5544
107	14	0.5544
107	76	0.5544
107	94	0.5544
107	107	1
107	108	0.6606
107	109	0.6606
107	115	0.5544
107	117	0.5544
107	188	0.5544
107	225	0.5544
108	14	0.5544
108	69	0.5154
108	76	0.5544
108	94	0.5544
108	107	0.6606
108	108	1
108	109	0.6606
108	110	0.6606
108	115	0.5544
108	121	0.6606
108	188	0.5544
108	200	0.5544
108	225	0.5544
108	242	0.5154
109	14	0.5544
109	76	0.5544
109	94	0.5544
109	107	0.6606
109	108	0.6606
109	109	1
109	113	0.5544
109	115	0.5544
109	188	0.5544
110	14	0.5544
110	18	0.5544
110	31	0.5544
110	76	0.5544
110	80	0.5544
110	94	0.5544
110	107	0.5544
110	108	0.6606
110	109	0.5544
110	110	1
110	115	0.5544
110	188	0.5544
111	111	1
111	112	0.6606
111	117	0.6606
111	118	0.5544
111	176	0.5544
112	13	0.501
112	84	0.5544
112	111	0.6606
112	112	1
112	117	0.5544
112	126	0.5544
112	149	0.5544
112	168	0.5544
112	185	0.5544
112	235	0.5154
113	5	0.6606
113	9	0.5544
113	15	0.5544
113	19	0.5544
113	26	0.5544
113	68	0.5544
113	76	0.5544
113	109	0.5544
113	113	1
113	140	0.5544
113	166	0.5544
113	167	0.5544
113	188	0.5544
113	210	0.5154
114	12	0.5154
114	18	0.5544
114	31	0.5544
114	43	0.6606
114	68	0.5544
114	100	0.5544
114	114	1
114	115	0.5544
114	212	0.5154
114	224	0.501
115	12	0.5154
115	18	0.5544
115	31	0.5544
115	43	0.6606
115	100	0.5544
115	107	0.5544
115	108	0.5544
115	109	0.5544
115	114	0.5544
115	115	1
115	188	0.5544
115	212	0.5154
115	224	0.501
116	116	1
116	118	0.5544
116	140	0.5544
116	185	0.5544
116	191	0.5544
116	192	0.5544
116	193	0.5154
116	205	0.5544
117	84	0.5544
117	107	0.5544
117	111	0.6606
117	112	0.5544
117	117	1
117	118	0.6606
117	126	0.5544
117	127	0.5154
117	148	0.5544
117	149	0.5544
117	168	0.5544
117	170	0.5544
117	185	0.5544
117	235	0.5154
118	111	0.5544
118	116	0.5544
118	117	0.6606
118	118	1
118	176	0.5544
118	185	0.5544
118	205	0.5544
118	213	0.5154
119	1	0.5544
119	11	0.5544
119	31	0.5544
119	34	0.5544
119	49	0.5544
119	64	0.5544
119	66	0.6606
119	69	0.5154
119	80	0.5544
119	94	0.5544
119	111	0.5544
119	118	0.5544
119	119	1
119	127	0.5154
119	137	0.5154
119	148	0.5544
119	160	0.5544
119	176	0.5544
119	187	0.5154
119	212	0.5154
119	247	0.5154
120	37	0.5544
120	46	0.6606
120	49	0.5544
120	50	0.5544
120	55	0.6606
120	56	0.5154
120	57	0.5544
120	58	0.5544
120	63	0.5154
120	70	0.5544
120	71	0.5544
120	97	0.5544
120	98	0.5544
120	105	0.6606
120	120	1
120	123	0.5544
120	129	0.5544
120	130	0.5544
120	131	0.5544
120	136	0.5544
120	143	0.5544
120	157	0.5544
120	158	0.6606
120	162	0.5544
120	163	0.5154
120	171	0.5544
120	172	0.5544
120	173	0.5154
120	174	0.5154
120	175	0.501
120	181	0.501
120	195	0.5544
120	214	0.5544
120	223	0.5544
120	246	0.5544
121	19	0.5544
121	39	0.5544
121	42	0.5544
121	43	0.5544
121	45	0.5544
121	56	0.5154
121	60	0.5544
121	69	0.5154
121	80	0.5544
121	84	0.5544
121	91	0.5154
121	97	0.5544
121	107	0.5544
121	108	0.6606
121	109	0.5544
121	111	0.5544
121	112	0.5544
121	117	0.5544
121	118	0.5544
121	121	1
121	125	0.5544
121	126	0.5544
121	142	0.5154
121	144	0.5154
121	149	0.5544
121	155	0.5544
121	163	0.5154
121	168	0.5544
121	170	0.5544
121	176	0.5544
121	178	0.5544
121	179	0.5154
121	185	0.5544
121	187	0.5154
121	196	0.5544
121	206	0.5154
121	218	0.5544
121	235	0.5154
121	241	0.5544
121	243	0.5544
122	102	0.5544
122	122	1
122	126	0.6606
122	200	0.5544
122	203	0.5544
123	12	0.5154
123	15	0.5544
123	22	0.5544
123	50	0.5544
123	56	0.5154
123	58	0.5544
123	71	0.5154
123	123	1
123	124	0.5544
123	131	0.5544
123	138	0.5544
123	143	0.5544
123	157	0.5544
123	163	0.5154
123	195	0.5544
123	200	0.5544
123	204	0.5544
123	214	0.5544
123	223	0.5544
123	224	0.501
124	12	0.5154
124	50	0.5544
124	56	0.5154
124	57	0.5544
124	71	0.5154
124	87	0.5154
124	96	0.5154
124	123	0.5544
124	124	1
124	127	0.5154
124	143	0.5544
124	157	0.5544
124	163	0.5154
124	200	0.5544
124	204	0.5544
124	209	0.5154
124	222	0.5544
124	223	0.5544
124	224	0.501
125	125	1
125	218	0.5544
126	84	0.5544
126	102	0.5544
126	112	0.5544
126	117	0.5544
126	122	0.6606
126	126	1
126	149	0.5544
126	168	0.5544
126	185	0.5544
126	200	0.5544
126	203	0.5544
126	235	0.5154
127	127	1
128	1	0.5544
128	30	0.5154
128	39	0.5544
128	60	0.5544
128	78	0.6606
128	88	0.6606
128	98	0.5544
128	128	1
128	209	0.5154
129	37	0.5544
129	50	0.6606
129	55	0.5544
129	60	0.5544
129	71	0.5154
129	100	0.6606
129	129	1
129	130	0.5544
129	131	0.5544
129	136	0.5544
129	163	0.5154
129	195	0.6606
129	196	0.5544
129	199	0.5544
129	209	0.5154
129	218	0.5544
129	246	0.5154
130	55	0.5544
130	56	0.5154
130	58	0.5544
130	71	0.5154
130	129	0.5544
130	130	1
130	131	0.5544
130	136	0.5544
130	141	0.5544
130	143	0.6606
130	157	0.5544
130	158	0.6606
130	194	0.6606
130	218	0.5544
130	246	0.5154
131	22	0.5544
131	37	0.5544
131	55	0.5544
131	56	0.5154
131	58	0.5544
131	60	0.5544
131	71	0.5154
131	123	0.5544
131	129	0.5544
131	130	0.5544
131	131	1
131	136	0.5544
131	138	0.5544
131	143	0.5544
131	157	0.5544
131	158	0.6606
131	181	0.501
131	195	0.5544
131	196	0.5544
131	199	0.5544
131	209	0.5154
131	214	0.5544
131	246	0.5154
132	7	0.5544
132	8	0.5544
132	17	0.5544
132	26	0.5544
132	27	0.5544
132	43	0.5544
132	45	0.5544
132	89	0.5544
132	91	0.5154
132	93	0.5544
132	132	1
132	133	0.6606
132	176	0.5544
132	177	0.5154
132	198	0.5544
133	132	0.6606
133	133	1
134	134	1
134	163	0.5154
134	222	0.6606
135	13	0.501
135	49	0.5544
135	80	0.5544
135	97	0.5544
135	111	0.5544
135	118	0.5544
135	135	1
135	137	0.5154
135	169	0.6606
135	176	0.5544
135	193	0.5154
135	205	0.5544
136	50	0.6606
136	56	0.5154
136	58	0.5544
136	63	0.5154
136	71	0.5154
136	100	0.5544
136	129	0.5544
136	130	0.5544
136	131	0.5544
136	136	1
136	143	0.5544
136	157	0.5544
136	158	0.6606
136	196	0.5544
136	209	0.5154
136	224	0.501
137	137	1
137	142	0.5154
138	22	0.5544
138	64	0.5544
138	123	0.5544
138	131	0.5544
138	138	1
138	181	0.501
138	190	0.5544
138	195	0.5544
138	196	0.5544
138	209	0.5154
138	214	0.5544
139	7	0.5544
139	8	0.5544
139	9	0.5544
139	10	0.5544
139	11	0.5544
139	12	0.5544
139	17	0.5544
139	26	0.5544
139	27	0.5544
139	28	0.5544
139	31	0.5544
139	43	0.5544
139	45	0.5544
139	63	0.5154
139	68	0.5544
139	72	0.5154
139	91	0.5154
139	100	0.5544
139	111	0.5544
139	113	0.5544
139	114	0.5544
139	115	0.5544
139	118	0.5544
139	132	0.5544
139	133	0.5154
139	139	1
139	140	0.6606
139	176	0.5544
139	177	0.5154
139	183	0.5544
139	189	0.5544
139	198	0.5544
139	212	0.5154
139	215	0.5544
139	230	0.5544
139	235	0.5154
139	238	0.5154
140	8	0.5544
140	12	0.5154
140	15	0.5544
140	113	0.5544
140	116	0.5544
140	139	0.6606
140	140	1
140	167	0.5544
140	183	0.5544
140	188	0.5544
140	191	0.5544
140	192	0.5544
140	193	0.5154
140	210	0.5154
141	55	0.5544
141	69	0.5154
141	71	0.5154
141	130	0.5544
141	141	1
141	143	0.6606
141	157	0.5544
141	163	0.5544
141	194	0.5544
141	246	0.5154
142	137	0.5154
142	142	1
142	235	0.5154
143	12	0.5154
143	13	0.501
143	18	0.5544
143	49	0.5544
143	50	0.5544
143	55	0.6606
143	56	0.5154
143	57	0.5544
143	58	0.5544
143	71	0.5544
143	103	0.5544
143	123	0.5544
143	124	0.5544
143	130	0.6606
143	131	0.5544
143	136	0.5544
143	141	0.6606
143	143	1
143	157	0.6606
143	158	0.6606
143	162	0.5544
143	163	0.5154
143	171	0.5544
143	172	0.5544
143	194	0.5544
143	195	0.5544
143	222	0.5544
143	223	0.5544
143	224	0.501
143	246	0.5544
144	1	0.5544
144	17	0.5544
144	42	0.6606
144	144	1
145	145	1
146	146	1
146	147	0.6606
147	146	0.6606
147	147	1
148	117	0.5544
148	148	1
149	84	0.5544
149	112	0.5544
149	117	0.5544
149	126	0.5544
149	149	1
149	168	0.5544
149	185	0.5544
149	235	0.5154
150	1	0.5544
150	11	0.5544
150	15	0.5544
150	49	0.5544
150	50	0.5544
150	64	0.5544
150	91	0.5154
150	113	0.5544
150	129	0.5544
150	140	0.5544
150	150	1
150	151	0.6606
150	155	0.5544
150	156	0.5544
150	167	0.5544
150	178	0.5544
150	187	0.5154
150	188	0.5544
150	210	0.5154
151	1	0.5544
151	11	0.5544
151	15	0.5544
151	31	0.5544
151	34	0.5544
151	49	0.5544
151	50	0.5544
151	64	0.5544
151	69	0.5154
151	80	0.5544
151	89	0.5544
151	91	0.5544
151	97	0.5544
151	102	0.5544
151	113	0.5544
151	140	0.5544
151	150	0.6606
151	151	1
151	155	0.5544
151	156	0.5544
151	166	0.5544
151	167	0.5544
151	178	0.5544
151	187	0.5154
151	188	0.5544
151	210	0.5154
151	241	0.5544
151	247	0.5154
152	152	1
153	9	0.5544
153	13	0.501
153	19	0.5544
153	26	0.5544
153	31	0.5544
153	60	0.5544
153	65	0.6606
153	68	0.5544
153	72	0.5154
153	80	0.5544
153	84	0.5544
153	88	0.6606
153	91	0.5154
153	103	0.5544
153	108	0.5544
153	112	0.5544
153	113	0.5544
153	117	0.5544
153	126	0.5544
153	128	0.5544
153	149	0.5544
153	153	1
153	166	0.5544
153	168	0.5544
153	170	0.5544
153	185	0.5544
153	197	0.5544
153	200	0.5544
153	206	0.5154
153	210	0.5154
153	235	0.5154
153	238	0.5154
153	242	0.5154
154	13	0.501
154	31	0.5544
154	32	0.5154
154	40	0.5544
154	80	0.5544
154	88	0.6606
154	128	0.5544
154	154	1
154	156	0.5544
154	163	0.5154
154	196	0.5544
154	209	0.5154
154	218	0.5544
154	222	0.5544
155	91	0.5154
155	155	1
155	178	0.5544
155	242	0.5544
156	6	0.5544
156	100	0.5544
156	127	0.5154
156	156	1
156	170	0.5544
156	189	0.5544
156	205	0.5544
156	206	0.5154
156	207	0.5544
156	223	0.5544
156	239	0.6606
156	240	0.6606
156	243	0.5544
157	12	0.5154
157	50	0.5544
157	55	0.6606
157	56	0.5154
157	57	0.5544
157	58	0.5544
157	70	0.5544
157	71	0.5544
157	123	0.5544
157	124	0.5544
157	130	0.5544
157	131	0.5544
157	136	0.5544
157	141	0.5544
157	143	0.6606
157	157	1
157	158	0.6606
157	163	0.5154
157	171	0.5544
157	172	0.5544
157	223	0.5544
157	224	0.501
157	246	0.5544
158	12	0.5154
158	22	0.5544
158	37	0.5544
158	40	0.5544
158	46	0.5544
158	50	0.5544
158	55	0.5544
158	56	0.5544
158	58	0.6606
158	63	0.5154
158	70	0.5544
158	71	0.5544
158	98	0.5544
158	120	0.6606
158	123	0.5544
158	127	0.5154
158	129	0.5544
158	130	0.6606
158	131	0.6606
158	136	0.6606
158	138	0.5544
158	141	0.5544
158	143	0.6606
158	157	0.6606
158	158	1
158	162	0.5544
158	163	0.5154
158	171	0.5544
158	172	0.5544
158	181	0.501
158	194	0.5544
158	195	0.5544
158	209	0.5154
158	214	0.5544
158	246	0.5154
159	159	1
160	86	0.6606
160	160	1
160	170	0.5544
160	222	0.5544
160	247	0.5154
161	20	0.5544
161	32	0.5544
161	60	0.5544
161	62	0.5544
161	85	0.5544
161	90	0.5544
161	91	0.5154
161	103	0.5544
161	145	0.5154
161	161	1
161	184	0.6606
161	203	0.5544
161	211	0.6606
161	225	0.6606
162	46	0.5544
162	49	0.5544
162	63	0.5154
162	70	0.5544
162	143	0.5544
162	162	1
162	214	0.5544
162	237	0.5544
163	141	0.5544
163	163	1
163	223	0.5544
164	2	0.5544
164	9	0.5544
164	26	0.5544
164	48	0.5544
164	68	0.5544
164	88	0.6606
164	111	0.5544
164	113	0.5544
164	118	0.5544
164	128	0.5544
164	137	0.5154
164	148	0.5544
164	156	0.5544
164	164	1
164	169	0.6606
164	170	0.5544
164	176	0.5544
164	193	0.5154
164	205	0.5544
164	250	0.5544
165	2	0.5544
165	13	0.501
165	31	0.5544
165	40	0.5544
165	48	0.5544
165	80	0.5544
165	82	0.6606
165	83	0.6606
165	165	1
165	170	0.5544
165	245	0.6606
165	250	0.5544
166	5	0.6606
166	13	0.501
166	56	0.5154
166	58	0.5544
166	60	0.5544
166	65	0.6606
166	71	0.5154
166	113	0.5544
166	166	1
166	210	0.5154
167	15	0.5544
167	113	0.5544
167	140	0.5544
167	167	1
167	188	0.5544
167	210	0.5544
167	212	0.5154
168	2	0.5544
168	84	0.5544
168	112	0.5544
168	117	0.5544
168	126	0.5544
168	149	0.5544
168	168	1
168	185	0.5544
168	235	0.5154
168	250	0.5544
169	2	0.5544
169	9	0.5544
169	12	0.5154
169	16	0.5154
169	19	0.5544
169	20	0.5544
169	22	0.5544
169	26	0.5544
169	34	0.5544
169	37	0.5544
169	39	0.5544
169	48	0.5544
169	49	0.5544
169	54	0.6606
169	55	0.5544
169	56	0.5154
169	58	0.5544
169	63	0.5154
169	68	0.5544
169	69	0.5154
169	71	0.5154
169	72	0.5154
169	80	0.5544
169	91	0.5154
169	106	0.6606
169	108	0.5544
169	113	0.5544
169	117	0.5544
169	130	0.5544
169	135	0.6606
169	136	0.5544
169	143	0.5544
169	145	0.5154
169	148	0.5544
169	152	0.5544
169	155	0.5544
169	156	0.5544
169	157	0.5544
169	161	0.5544
169	164	0.6606
169	166	0.5544
169	169	1
169	170	0.5544
169	178	0.5544
169	184	0.6606
169	187	0.5154
169	189	0.5544
169	203	0.5544
169	205	0.5544
169	206	0.5154
169	207	0.5544
169	209	0.5154
169	211	0.6606
169	212	0.5154
169	224	0.501
169	238	0.5154
169	246	0.5154
169	250	0.5544
170	117	0.5544
170	156	0.5544
170	160	0.5544
170	170	1
170	189	0.5544
170	205	0.5544
170	206	0.5154
170	207	0.5544
171	55	0.6606
171	56	0.5544
171	57	0.5544
171	58	0.5544
171	71	0.6606
171	143	0.5544
171	157	0.5544
171	171	1
171	172	0.6606
171	195	0.5544
171	246	0.5544
172	55	0.6606
172	56	0.5544
172	57	0.5544
172	58	0.6606
172	71	0.5544
172	143	0.5544
172	157	0.5544
172	171	0.6606
172	172	1
172	246	0.5544
173	173	1
173	174	0.5544
173	175	0.6606
173	196	0.5544
174	173	0.5544
174	174	1
174	175	0.5154
174	196	0.5544
175	173	0.6606
175	174	0.5154
175	175	1
176	8	0.5544
176	10	0.5544
176	17	0.5544
176	31	0.5544
176	93	0.5544
176	94	0.5544
176	95	0.5544
176	111	0.5544
176	118	0.5544
176	132	0.5544
176	133	0.5154
176	176	1
176	177	0.5154
176	212	0.5154
177	177	1
177	178	0.5544
178	37	0.5544
178	39	0.5544
178	91	0.5154
178	155	0.5544
178	177	0.5544
178	178	1
178	212	0.5154
179	179	1
180	2	0.5544
180	4	0.5544
180	6	0.5544
180	16	0.5154
180	42	0.5544
180	43	0.5544
180	56	0.5154
180	64	0.5544
180	69	0.5154
180	80	0.5544
180	84	0.5544
180	91	0.5154
180	99	0.5544
180	100	0.5544
180	103	0.5544
180	107	0.5544
180	108	0.5544
180	111	0.5544
180	118	0.5544
180	127	0.5154
180	128	0.5544
180	137	0.5154
180	138	0.5544
180	142	0.5154
180	144	0.5154
180	145	0.5154
180	155	0.5544
180	156	0.5544
180	160	0.5544
180	170	0.5544
180	176	0.5544
180	178	0.5544
180	179	0.5154
180	180	1
180	187	0.5154
180	190	0.5544
180	196	0.5544
180	206	0.5154
180	209	0.5154
180	218	0.5544
180	222	0.5544
180	240	0.6606
180	241	0.5544
180	243	0.5544
181	181	1
182	2	0.5544
182	13	0.501
182	31	0.5544
182	48	0.5544
182	54	0.6606
182	80	0.5544
182	101	0.5544
182	111	0.5544
182	118	0.5544
182	128	0.5544
182	176	0.5544
182	182	1
182	196	0.5544
182	209	0.5154
182	218	0.5544
182	245	0.6606
182	250	0.5544
183	8	0.5544
183	17	0.5544
183	26	0.5544
183	28	0.5544
183	91	0.5154
183	140	0.5544
183	177	0.5154
183	183	1
183	189	0.5544
183	212	0.5154
183	230	0.5544
183	235	0.5154
184	6	0.5544
184	13	0.501
184	14	0.5544
184	16	0.5154
184	20	0.6606
184	32	0.5154
184	33	0.5154
184	37	0.5544
184	39	0.5544
184	40	0.5544
184	55	0.5544
184	56	0.5154
184	58	0.5544
184	60	0.5544
184	68	0.5544
184	69	0.5154
184	71	0.5154
184	84	0.5544
184	86	0.6606
184	102	0.5544
184	107	0.5544
184	108	0.5544
184	109	0.5544
184	111	0.5544
184	112	0.5544
184	117	0.5544
184	118	0.5544
184	126	0.5544
184	127	0.5154
184	137	0.5154
184	145	0.5154
184	149	0.5544
184	156	0.5544
184	160	0.5544
184	161	0.6606
184	163	0.5154
184	166	0.5544
184	168	0.5544
184	169	0.6606
184	170	0.5544
184	176	0.5544
184	178	0.5544
184	184	1
184	185	0.5544
184	187	0.5154
184	189	0.5544
184	193	0.5154
184	205	0.5544
184	206	0.5154
184	207	0.5544
184	212	0.5154
184	225	0.5544
184	227	0.5544
184	234	0.5544
184	235	0.5154
184	238	0.5154
184	240	0.6606
184	243	0.5544
184	246	0.5154
185	37	0.5544
185	60	0.6606
185	84	0.5544
185	112	0.5544
185	116	0.5544
185	117	0.5544
185	118	0.5544
185	126	0.5544
185	149	0.5544
185	168	0.5544
185	179	0.5154
185	185	1
185	186	0.5544
185	205	0.5544
185	233	0.6606
185	235	0.5154
185	243	0.5544
186	37	0.5544
186	60	0.6606
186	179	0.5154
186	185	0.5544
186	186	1
186	235	0.5154
187	187	1
187	192	0.5544
187	193	0.5154
188	15	0.5544
188	24	0.5544
188	76	0.5544
188	80	0.5544
188	107	0.5544
188	108	0.5544
188	109	0.5544
188	113	0.5544
188	115	0.5544
188	140	0.5544
188	167	0.5544
188	188	1
188	210	0.5154
189	17	0.5544
189	26	0.5544
189	28	0.5544
189	156	0.5544
189	170	0.5544
189	177	0.5154
189	183	0.5544
189	189	1
189	205	0.5544
189	206	0.5154
189	207	0.5544
189	230	0.5544
189	235	0.5154
190	64	0.5544
190	138	0.5544
190	190	1
190	196	0.5544
190	209	0.5154
191	3	0.5544
191	16	0.5154
191	30	0.5154
191	40	0.5544
191	116	0.5544
191	140	0.5544
191	179	0.5154
191	187	0.5154
191	191	1
191	192	0.6606
191	193	0.5544
191	200	0.5544
191	201	0.5544
191	202	0.5544
191	203	0.5544
191	204	0.5544
191	210	0.5154
191	231	0.5544
192	3	0.5544
192	16	0.5154
192	116	0.5544
192	140	0.5544
192	187	0.5544
192	191	0.6606
192	192	1
192	193	0.6606
192	201	0.5544
192	202	0.5544
192	203	0.5544
192	204	0.5544
192	231	0.5544
193	187	0.5154
193	191	0.5544
193	192	0.6606
193	193	1
194	69	0.5154
194	130	0.6606
194	141	0.5544
194	143	0.5544
194	194	1
194	195	0.5544
195	1	0.5544
195	22	0.5544
195	46	0.5544
195	50	0.5544
195	71	0.5154
195	100	0.5544
195	123	0.5544
195	129	0.6606
195	131	0.5544
195	138	0.5544
195	143	0.5544
195	171	0.5544
195	194	0.5544
195	195	1
195	214	0.5544
196	12	0.5154
196	13	0.501
196	16	0.5154
196	42	0.5544
196	43	0.5544
196	50	0.6606
196	56	0.5154
196	64	0.5544
196	71	0.5154
196	81	0.5154
196	100	0.5544
196	129	0.5544
196	131	0.5544
196	136	0.5544
196	138	0.5544
196	144	0.5154
196	173	0.5544
196	174	0.5544
196	175	0.5154
196	179	0.5154
196	190	0.5544
196	196	1
196	209	0.5154
196	223	0.5544
196	233	0.5544
196	235	0.5154
196	242	0.5154
197	197	1
198	7	0.5544
198	17	0.5544
198	26	0.5544
198	27	0.5544
198	43	0.5544
198	132	0.5544
198	133	0.5154
198	177	0.5154
198	198	1
199	13	0.501
199	60	0.5544
199	129	0.5544
199	131	0.5544
199	179	0.5154
199	199	1
199	206	0.5154
200	15	0.5544
200	30	0.5154
200	43	0.5544
200	99	0.5544
200	108	0.5544
200	122	0.5544
200	123	0.5544
200	124	0.5544
200	126	0.5544
200	191	0.5544
200	200	1
200	204	0.5544
200	208	0.5544
200	210	0.5154
200	224	0.5154
200	250	0.5544
201	3	0.5544
201	191	0.5544
201	192	0.5544
201	193	0.5154
201	201	1
201	202	0.5544
201	203	0.5544
201	204	0.5544
201	231	0.5544
202	3	0.5544
202	191	0.5544
202	192	0.5544
202	193	0.5154
202	201	0.5544
202	202	1
202	203	0.5544
202	204	0.5544
202	231	0.5544
203	3	0.5544
203	60	0.5544
203	102	0.5544
203	122	0.5544
203	126	0.5544
203	161	0.5544
203	191	0.5544
203	192	0.5544
203	193	0.5154
203	201	0.5544
203	202	0.5544
203	203	1
203	204	0.5544
203	211	0.6606
203	231	0.5544
204	3	0.5544
204	15	0.5544
204	123	0.5544
204	124	0.5544
204	191	0.5544
204	192	0.5544
204	193	0.5154
204	200	0.5544
204	201	0.5544
204	202	0.5544
204	203	0.5544
204	204	1
204	231	0.5544
205	102	0.5544
205	116	0.5544
205	118	0.5544
205	137	0.5154
205	156	0.5544
205	170	0.5544
205	185	0.5544
205	189	0.5544
205	193	0.5154
205	205	1
205	206	0.5154
205	207	0.5544
205	227	0.6606
206	206	1
206	207	0.5544
207	156	0.5544
207	170	0.5544
207	189	0.5544
207	205	0.5544
207	206	0.5544
207	207	1
208	99	0.5544
208	200	0.5544
208	206	0.5154
208	208	1
209	50	0.5544
209	69	0.5154
209	209	1
210	15	0.5544
210	167	0.5544
210	210	1
210	212	0.5154
211	8	0.5544
211	10	0.5544
211	16	0.5154
211	26	0.5544
211	32	0.5154
211	34	0.5544
211	50	0.5544
211	72	0.5154
211	98	0.5544
211	108	0.5544
211	109	0.5544
211	112	0.5544
211	116	0.5544
211	118	0.5544
211	137	0.5154
211	148	0.5544
211	161	0.6606
211	163	0.5154
211	169	0.6606
211	170	0.5544
211	181	0.501
211	185	0.5544
211	193	0.5154
211	200	0.5544
211	203	0.6606
211	205	0.5544
211	211	1
211	222	0.5544
211	223	0.5544
211	225	0.5544
212	43	0.5544
212	210	0.5154
212	212	1
213	3	0.5544
213	213	1
214	12	0.5154
214	22	0.5544
214	46	0.5544
214	63	0.5154
214	70	0.5544
214	123	0.5544
214	131	0.5544
214	138	0.5544
214	162	0.5544
214	195	0.5544
214	214	1
214	215	0.6606
215	7	0.5544
215	10	0.5544
215	11	0.5544
215	12	0.5544
215	214	0.6606
215	215	1
216	216	1
217	2	0.5544
217	13	0.501
217	21	0.6606
217	40	0.5544
217	48	0.5544
217	54	0.6606
217	83	0.6606
217	112	0.5544
217	116	0.5544
217	128	0.5544
217	140	0.5544
217	191	0.5544
217	192	0.5544
217	193	0.5154
217	216	0.5544
217	217	1
217	218	0.5544
217	242	0.5154
217	250	0.5544
218	99	0.6606
218	100	0.5544
218	125	0.5544
218	129	0.5544
218	130	0.5544
218	137	0.5154
218	218	1
219	219	1
220	6	0.5544
220	30	0.5154
220	37	0.5544
220	39	0.5544
220	106	0.6606
220	156	0.5544
220	178	0.5544
220	179	0.5154
220	191	0.5544
220	200	0.5544
220	210	0.5154
220	212	0.5154
220	220	1
220	222	0.5544
220	238	0.5154
220	240	0.6606
220	243	0.5544
220	250	0.5544
221	30	0.5154
221	33	0.5154
221	37	0.5544
221	39	0.5544
221	40	0.5544
221	68	0.5544
221	69	0.5154
221	82	0.6606
221	83	0.6606
221	103	0.5544
221	106	0.6606
221	111	0.5544
221	112	0.5544
221	118	0.5544
221	176	0.5544
221	178	0.5544
221	200	0.5544
221	212	0.5154
221	221	1
221	222	0.5544
221	244	0.5544
221	250	0.5544
222	33	0.5154
222	37	0.5544
222	49	0.5544
222	50	0.5544
222	53	0.6606
222	56	0.5154
222	57	0.5544
222	71	0.5154
222	85	0.5544
222	124	0.5544
222	134	0.6606
222	143	0.5544
222	160	0.5544
222	163	0.5154
222	222	1
222	224	0.501
223	12	0.5154
223	16	0.5154
223	50	0.5544
223	52	0.5154
223	67	0.5544
223	98	0.5544
223	123	0.5544
223	124	0.5544
223	143	0.5544
223	156	0.5544
223	157	0.5544
223	163	0.5544
223	181	0.501
223	196	0.5544
223	209	0.5154
223	223	1
223	224	0.501
223	248	0.5544
224	224	1
225	32	0.5154
225	107	0.5544
225	108	0.5544
225	161	0.6606
225	225	1
226	2	0.5544
226	16	0.5154
226	40	0.5544
226	101	0.5544
226	106	0.6606
226	117	0.5544
226	128	0.5544
226	168	0.5544
226	179	0.5154
226	187	0.5154
226	199	0.5544
226	218	0.5544
226	222	0.5544
226	226	1
226	250	0.5544
227	14	0.5544
227	37	0.5544
227	40	0.5544
227	59	0.5544
227	69	0.5154
227	205	0.6606
227	227	1
227	228	0.5544
227	234	0.5544
228	227	0.5544
228	228	1
229	229	1
230	17	0.5544
230	26	0.5544
230	28	0.5544
230	94	0.5544
230	177	0.5154
230	183	0.5544
230	189	0.5544
230	230	1
230	235	0.6606
230	247	0.5154
231	3	0.5544
231	191	0.5544
231	192	0.5544
231	193	0.5154
231	201	0.5544
231	202	0.5544
231	203	0.5544
231	204	0.5544
231	231	1
232	232	1
233	60	0.5544
233	185	0.6606
233	196	0.5544
233	213	0.5154
233	233	1
233	235	0.5154
234	14	0.5544
234	40	0.5544
234	69	0.5154
234	142	0.5154
234	227	0.5544
234	234	1
234	235	0.5544
234	236	0.5544
235	142	0.5154
235	230	0.6606
235	234	0.5544
235	235	1
236	234	0.5544
236	236	1
237	162	0.5544
237	237	1
238	238	1
239	13	0.501
239	16	0.5154
239	48	0.5544
239	49	0.5544
239	50	0.5544
239	80	0.5544
239	87	0.5154
239	96	0.5154
239	97	0.5544
239	98	0.5544
239	100	0.6606
239	104	0.6606
239	127	0.5544
239	129	0.5544
239	156	0.6606
239	161	0.5544
239	191	0.5544
239	192	0.5544
239	193	0.5154
239	206	0.5154
239	234	0.5544
239	239	1
240	6	0.6606
240	10	0.5544
240	13	0.501
240	16	0.5154
240	19	0.5544
240	20	0.5544
240	33	0.5154
240	34	0.5544
240	37	0.5544
240	40	0.5544
240	48	0.5544
240	50	0.5544
240	59	0.5544
240	60	0.5544
240	68	0.5544
240	69	0.5154
240	76	0.5544
240	80	0.5544
240	87	0.5154
240	91	0.5154
240	96	0.5154
240	98	0.5544
240	100	0.5544
240	103	0.5544
240	104	0.6606
240	108	0.5544
240	109	0.5544
240	112	0.5544
240	113	0.5544
240	127	0.5154
240	145	0.5154
240	148	0.5544
240	156	0.6606
240	160	0.5544
240	161	0.5544
240	163	0.5154
240	170	0.5544
240	180	0.6606
240	181	0.501
240	184	0.6606
240	191	0.5544
240	192	0.5544
240	193	0.5154
240	206	0.5154
240	209	0.5154
240	210	0.5154
240	220	0.6606
240	222	0.5544
240	223	0.5544
240	227	0.5544
240	234	0.5544
240	238	0.5154
240	240	1
240	241	0.5544
240	242	0.5154
240	243	0.6606
240	250	0.5544
241	69	0.5154
241	241	1
242	155	0.5544
242	242	1
243	6	0.5544
243	60	0.5544
243	156	0.5544
243	185	0.5544
243	240	0.6606
243	243	1
244	103	0.5544
244	244	1
245	2	0.5544
245	39	0.5544
245	40	0.5544
245	48	0.5544
245	60	0.5544
245	62	0.5544
245	82	0.6606
245	85	0.5544
245	98	0.5544
245	101	0.5544
245	103	0.5544
245	104	0.6606
245	106	0.6606
245	116	0.5544
245	128	0.5544
245	140	0.5544
245	145	0.5154
245	155	0.5544
245	156	0.5544
245	161	0.5544
245	165	0.6606
245	168	0.5544
245	179	0.5154
245	182	0.6606
245	191	0.5544
245	192	0.5544
245	193	0.5154
245	222	0.5544
245	245	1
245	250	0.6606
246	55	0.6606
246	56	0.5154
246	57	0.5544
246	71	0.5544
246	143	0.5544
246	157	0.5544
246	171	0.5544
246	172	0.5544
246	246	1
247	8	0.5544
247	247	1
248	67	0.6606
248	223	0.5544
248	248	1
249	30	0.5154
249	32	0.5154
249	39	0.5544
249	91	0.5154
249	113	0.5544
249	117	0.5544
249	124	0.5544
249	128	0.5544
249	137	0.5154
249	145	0.5154
249	155	0.5544
249	161	0.5544
249	163	0.5154
249	170	0.5544
249	178	0.5544
249	187	0.5154
249	200	0.5544
249	204	0.5544
249	218	0.5544
249	222	0.5544
249	238	0.5544
249	249	1
249	250	0.5544
250	2	0.5544
250	30	0.5154
250	40	0.5544
250	48	0.5544
250	82	0.6606
250	101	0.5544
250	168	0.5544
250	179	0.5154
250	200	0.5544
250	245	0.6606
250	250	1
