1	1	1
1	6	0.5377
1	70	0.5377
1	102	0.6257
1	215	0.579
1	228	0.5377
1	257	0.501
1	258	0.579
1	281	0.5377
1	297	0.5377
2	2	1
2	115	0.579
2	183	0.6257
2	205	0.6792
2	213	0.579
2	256	0.6257
2	279	0.579
2	302	0.579
3	3	1
3	16	0.579
3	18	0.579
3	25	0.579
3	29	0.579
3	33	0.6257
3	65	0.579
3	69	0.579
3	82	0.6257
3	90	0.6257
3	133	0.5377
3	136	0.5377
3	147	0.579
3	196	0.579
3	197	0.579
3	201	0.579
3	208	0.579
3	210	0.6257
3	211	0.5377
3	217	0.579
3	221	0.6257
3	222	0.6257
3	238	0.5377
3	239	0.6257
3	249	0.579
3	287	0.579
4	4	1
4	46	0.579
4	48	0.579
4	49	0.579
4	54	0.579
4	80	0.6257
4	99	0.5377
4	143	0.579
4	232	0.579
4	238	0.5377
4	246	0.579
4	270	0.5377
4	308	0.6257
4	309	0.6257
5	5	1
5	7	0.6257
5	9	0.6257
5	12	0.579
5	50	0.579
5	56	0.579
5	73	0.6257
5	100	1
5	108	0.579
5	139	0.8129
5	216	0.579
5	234	0.579
5	252	0.579
5	256	0.579
5	274	0.7409
5	284	0.579
5	291	0.5377
6	6	1
6	14	0.8129
6	17	0.8129
6	36	0.6257
6	64	0.6257
6	102	0.7409
6	114	0.6257
6	150	0.7409
6	207	0.6257
6	215	0.7409
6	228	1
6	253	0.8129
6	281	0.8979
6	286	0.6257
7	5	0.6257
7	7	1
7	12	0.579
7	13	0.579
7	23	0.579
7	27	0.6257
7	52	0.6257
7	56	0.6257
7	69	0.579
7	93	0.6257
7	100	0.6257
7	105	0.6257
7	127	0.579
7	128	0.6257
7	147	0.579
7	162	0.579
7	171	0.579
7	186	0.579
7	187	0.579
7	201	0.6257
7	216	0.6257
7	218	0.579
7	220	0.579
7	222	0.6257
7	225	0.5377
7	234	0.579
7	252	0.6257
7	256	0.579
7	262	0.579
7	284	0.5377
7	287	0.6257
7	296	0.579
8	8	1
8	24	0.8979
8	45	0.6792
8	84	0.579
8	96	0.7409
8	110	0.7409
8	121	0.579
8	137	0.6257
8	173	0.579
8	177	0.6257
8	200	0.7409
8	243	0.579
8	267	0.6257
8	276	0.6257
8	278	0.7409
8	291	0.5377
8	294	0.6792
8	299	0.6792
8	306	0.7409
9	5	0.6257
9	9	1
9	16	0.6257
9	30	0.579
9	33	0.579
9	55	0.6257
9	73	0.7409
9	87	0.579
9	90	0.579
9	100	0.6257
9	105	0.6257
9	108	0.579
9	113	0.579
9	119	0.579
9	139	0.6257
9	203	0.579
9	208	0.579
9	225	0.5377
9	231	0.579
9	244	0.579
9	249	0.579
9	274	0.579
9	297	0.501
9	304	0.579
10	10	1
10	22	0.6257
10	23	0.579
10	67	0.579
10	98	0.579
10	129	0.579
10	136	0.579
10	157	0.579
10	179	0.579
10	183	0.6257
10	187	0.6257
10	204	0.579
10	214	0.579
10	218	0.579
10	220	0.579
10	244	0.579
10	307	0.6257
11	11	1
11	83	0.579
11	99	0.5377
11	103	0.579
11	109	0.5377
11	125	0.6257
11	130	0.579
11	140	0.579
11	172	0.579
11	195	0.6792
11	225	0.5377
11	233	0.579
11	248	0.579
11	262	0.579
11	265	0.579
11	275	0.579
11	300	0.579
11	304	0.579
12	5	0.579
12	12	1
12	50	0.579
12	56	0.6257
12	69	0.579
12	78	0.579
12	90	0.579
12	100	0.579
12	128	0.6257
12	139	0.6257
12	153	0.6257
12	182	0.579
12	208	0.6257
12	216	0.579
12	222	0.6257
12	225	0.5377
12	234	0.579
12	252	0.6257
12	267	0.579
13	13	1
13	42	0.579
13	50	0.6257
13	56	0.7409
13	62	0.579
13	85	0.579
13	99	0.5377
13	105	0.6257
13	128	0.7409
13	140	0.579
13	147	0.579
13	161	0.6792
13	171	0.6257
13	212	0.6257
13	216	0.7409
13	234	0.6257
13	252	0.7409
13	256	0.579
13	269	0.579
13	285	0.579
13	296	0.6257
14	6	0.8129
14	14	1
14	17	0.8129
14	21	0.6792
14	36	0.7409
14	51	0.6257
14	64	0.7409
14	102	0.8129
14	114	0.7409
14	117	0.6792
14	131	0.6792
14	145	0.6792
14	150	0.8129
14	184	0.6792
14	199	0.6792
14	207	0.7409
14	215	0.8129
14	228	0.8129
14	238	0.5377
14	242	0.579
14	253	0.8129
14	281	0.8129
14	286	0.7409
15	15	1
15	16	0.6257
15	38	0.579
15	120	1
15	237	0.579
15	244	0.6792
16	3	0.579
16	9	0.6257
16	15	0.6257
16	16	1
16	25	0.579
16	70	0.5377
16	73	0.6257
16	79	0.6257
16	112	0.6257
16	120	0.6257
16	136	0.5377
16	139	0.579
16	244	0.6792
17	6	0.8129
17	14	0.8129
17	17	1
17	21	0.6257
17	36	0.6792
17	64	0.6792
17	102	0.8129
17	114	0.6792
17	117	0.6257
17	131	0.6257
17	145	0.6257
17	150	0.8979
17	184	0.6257
17	199	0.6257
17	207	0.6257
17	215	0.8979
17	228	0.8129
17	242	0.579
17	253	1
17	281	0.8129
17	286	0.6792
18	3	0.579
18	18	1
18	33	0.579
18	42	0.579
18	52	0.579
18	69	0.579
18	90	0.6792
18	98	0.579
18	108	0.579
18	138	0.6257
18	140	0.579
18	147	0.6792
18	156	0.8979
18	157	0.6257
18	174	0.6257
18	196	0.8979
18	208	0.7409
18	221	0.6257
18	239	0.6792
18	259	0.579
18	284	0.5377
18	297	0.501
19	8	0.579
19	11	0.579
19	19	1
19	28	0.6257
19	46	0.579
19	48	0.579
19	49	0.579
19	59	0.579
19	80	0.6257
19	84	0.579
19	97	0.579
19	106	0.6792
19	109	0.5377
19	110	0.579
19	130	0.579
19	132	0.6257
19	140	0.579
19	141	0.579
19	146	0.6257
19	165	0.579
19	166	0.579
19	172	0.579
19	173	0.579
19	177	0.579
19	191	0.5377
19	204	0.579
19	240	0.579
19	243	0.579
19	263	0.6792
19	275	0.579
19	276	0.6257
19	278	0.579
19	289	0.579
19	291	0.5377
19	304	0.579
19	306	0.579
20	20	1
20	44	0.6257
20	55	0.6257
20	57	0.6257
20	60	0.579
20	62	0.579
20	73	0.6257
20	81	0.579
20	87	0.579
20	93	0.6257
20	111	0.6257
20	122	0.579
20	130	0.579
20	153	0.579
20	166	0.579
20	167	0.6257
20	168	0.579
20	185	0.5377
20	193	0.6257
20	203	0.579
20	206	0.579
20	231	0.579
20	235	0.6257
20	264	0.6257
20	266	0.5377
20	279	0.579
20	285	0.579
20	296	0.579
21	6	0.579
21	14	0.6792
21	17	0.6257
21	21	1
21	36	0.8129
21	39	0.6792
21	43	0.6792
21	47	0.6257
21	51	0.7409
21	58	0.6257
21	64	0.8129
21	82	0.579
21	98	0.579
21	102	0.6792
21	114	0.8129
21	117	0.8979
21	131	0.8129
21	145	0.8979
21	150	0.6792
21	174	0.6257
21	184	0.8979
21	199	0.8979
21	207	0.8129
21	215	0.6792
21	228	0.579
21	253	0.6257
21	255	0.6792
21	281	0.579
21	286	0.8129
21	312	0.6792
22	10	0.6257
22	22	1
22	61	0.579
22	66	0.6257
22	94	0.6257
22	99	0.5377
22	129	0.6257
22	181	0.6257
22	183	0.7409
22	187	0.6257
22	190	0.579
22	224	0.579
22	244	0.579
22	258	0.579
22	279	0.579
22	313	0.6257
23	10	0.579
23	23	1
23	30	0.6257
23	118	0.579
23	119	0.6257
23	127	0.579
23	129	0.579
23	136	0.579
23	146	0.579
23	183	0.579
23	185	0.579
23	187	0.579
23	204	0.579
23	218	0.579
23	220	0.579
23	225	0.5377
23	238	0.5377
23	244	0.579
23	256	0.6257
23	269	0.579
24	8	0.8979
24	24	1
24	45	0.6792
24	96	0.8129
24	110	0.7409
24	121	0.579
24	137	0.6257
24	173	0.579
24	177	0.6792
24	200	0.8129
24	267	0.6257
24	276	0.6257
24	278	0.7409
24	294	0.6792
24	299	0.7409
24	306	0.8129
25	3	0.579
25	16	0.579
25	25	1
25	29	0.579
25	52	0.579
25	55	0.6257
25	70	0.5377
25	79	0.579
25	123	0.6257
25	124	0.579
25	127	0.579
25	148	0.6257
25	167	0.6257
25	185	0.5377
25	192	0.579
25	245	0.579
25	246	0.579
25	293	0.6257
25	308	0.6257
26	26	1
26	121	0.579
26	160	0.6257
26	282	1
27	7	0.6257
27	27	1
27	118	0.579
27	136	0.5377
27	146	0.579
27	201	0.6257
27	220	0.579
27	225	0.579
27	243	0.6257
27	250	0.6257
27	287	0.6257
27	291	0.5377
28	11	0.579
28	19	0.6257
28	28	1
28	34	0.6257
28	41	0.579
28	48	0.579
28	55	0.6792
28	76	0.6257
28	99	0.5377
28	103	0.6257
28	124	0.579
28	146	0.579
28	155	0.6257
28	162	0.6257
28	177	0.579
28	185	0.5377
28	195	0.6257
28	204	0.579
28	219	0.6792
28	233	0.6257
28	236	0.6257
28	241	0.579
28	258	0.579
28	262	0.6792
28	263	0.6257
28	270	0.579
28	300	0.579
28	304	0.579
29	3	0.579
29	25	0.579
29	29	1
29	31	0.6792
29	83	0.579
29	109	0.5377
29	124	0.579
29	155	0.6257
29	159	0.579
29	172	0.579
29	223	0.6257
29	230	0.6792
29	236	0.6257
29	240	0.579
29	263	0.6257
29	277	0.579
29	293	0.579
29	313	0.6257
29	315	0.6792
30	9	0.579
30	23	0.6257
30	30	1
30	62	0.579
30	85	0.579
30	119	0.579
30	121	0.579
30	136	0.5377
30	153	0.579
30	159	0.579
30	164	0.6257
30	185	0.5377
30	188	0.6257
30	220	0.579
30	227	0.6257
30	291	0.5377
30	302	0.579
30	311	0.579
31	29	0.6792
31	31	1
31	83	0.579
31	109	0.5377
31	172	0.6257
31	206	0.579
31	236	0.6257
31	240	0.579
31	247	0.579
31	257	0.501
32	3	0.579
32	32	1
32	33	0.6257
32	39	0.6257
32	40	0.579
32	43	0.6792
32	82	0.6792
32	117	0.6257
32	122	0.6257
32	133	0.5377
32	151	0.6257
32	162	0.579
32	169	0.579
32	184	0.6257
32	188	0.6257
32	198	0.579
32	199	0.6257
32	210	0.8979
32	211	0.5377
32	226	0.579
32	227	0.6257
32	239	0.579
32	255	0.6257
32	301	0.579
33	3	0.6257
33	9	0.579
33	18	0.579
33	26	0.5377
33	32	0.6257
33	33	1
33	82	0.8129
33	90	0.6257
33	133	0.579
33	138	0.579
33	147	0.579
33	156	0.6257
33	157	0.579
33	174	0.6257
33	196	0.6257
33	197	0.6257
33	208	0.579
33	210	0.6257
33	211	0.579
33	217	0.579
33	221	0.6257
33	222	0.6257
33	238	0.5377
33	239	0.6792
33	266	0.5377
33	282	0.5377
34	28	0.6257
34	34	1
34	41	0.6257
34	48	0.579
34	158	0.579
34	162	0.6257
34	185	0.579
34	265	0.579
34	270	0.7409
34	300	0.6257
35	35	1
35	44	0.579
35	53	0.6257
35	57	0.579
35	61	0.7409
35	68	0.8979
35	78	0.579
35	88	1
35	89	0.6257
35	99	0.5377
35	130	0.579
35	142	0.8979
35	187	0.579
35	190	0.7409
35	193	0.579
35	194	0.6792
35	258	0.6257
35	290	0.8979
36	6	0.6257
36	14	0.7409
36	17	0.6792
36	21	0.8129
36	36	1
36	39	0.6792
36	43	0.6792
36	51	0.6257
36	64	1
36	102	0.7409
36	114	1
36	117	0.8129
36	131	0.8129
36	145	0.8129
36	150	0.6792
36	184	0.8979
36	199	0.8979
36	207	0.6792
36	215	0.7409
36	228	0.6257
36	253	0.6792
36	255	0.6792
36	281	0.6257
36	286	1
36	312	0.6257
37	37	1
37	46	0.579
37	48	0.579
37	49	0.579
37	67	0.6792
37	74	0.6257
37	104	0.8129
37	107	0.579
37	116	0.579
37	132	0.579
37	135	0.6792
37	143	0.6257
37	144	0.6257
37	170	0.579
37	173	0.579
37	209	0.579
37	232	0.579
37	247	0.579
37	254	0.579
37	259	0.6257
37	261	0.8979
37	268	0.6792
37	276	0.579
37	289	0.6792
37	293	0.579
37	307	0.579
38	15	0.579
38	38	1
38	120	0.579
38	192	0.6792
38	217	0.579
38	237	0.6257
38	280	0.579
38	292	0.6257
39	2	0.579
39	14	0.579
39	21	0.6792
39	32	0.6257
39	36	0.6792
39	39	1
39	43	0.6792
39	47	0.8129
39	51	0.6792
39	58	0.6792
39	64	0.6792
39	72	0.5377
39	102	0.579
39	114	0.6792
39	117	0.6792
39	129	0.579
39	131	0.6257
39	145	0.6792
39	150	0.579
39	151	0.579
39	169	0.6257
39	181	0.579
39	184	0.7409
39	189	0.579
39	199	0.7409
39	205	0.6792
39	207	0.6792
39	210	0.6257
39	215	0.579
39	255	0.7409
39	286	0.6792
39	312	0.8979
40	40	1
40	84	0.579
40	122	0.579
40	130	0.579
40	140	0.579
40	158	0.579
40	162	0.6257
40	163	0.6792
40	279	0.579
41	34	0.6257
41	41	1
41	52	0.579
41	147	0.579
41	162	0.6257
41	185	0.5377
41	186	0.579
41	265	0.579
41	270	0.6257
41	284	0.5377
41	300	0.579
42	13	0.579
42	18	0.579
42	26	0.5377
42	42	1
42	56	0.579
42	62	0.579
42	92	0.579
42	147	0.579
42	149	0.579
42	196	0.579
42	223	0.6257
42	224	0.579
42	251	0.579
42	252	0.579
42	282	0.5377
42	285	0.6257
43	6	0.5377
43	14	0.579
43	21	0.6792
43	32	0.6792
43	36	0.6792
43	39	0.6792
43	40	0.579
43	43	1
43	47	0.6257
43	51	0.7409
43	58	0.6257
43	64	0.6792
43	114	0.6792
43	117	0.7409
43	122	0.6257
43	131	0.6257
43	145	0.6792
43	150	0.579
43	151	0.6257
43	169	0.6792
43	184	0.7409
43	189	0.579
43	198	0.579
43	199	0.7409
43	207	0.6792
43	210	0.6792
43	228	0.5377
43	255	0.7409
43	279	0.579
43	281	0.5377
43	286	0.6792
43	298	0.579
43	303	0.579
43	312	0.6257
44	20	0.6257
44	35	0.579
44	44	1
44	53	0.6257
44	57	0.8979
44	60	0.8979
44	68	0.579
44	81	0.8129
44	88	0.579
44	89	0.6257
44	130	0.8979
44	142	0.579
44	143	0.579
44	168	0.8129
44	172	0.579
44	193	1
44	235	0.8979
44	246	0.579
44	264	0.6257
44	288	0.7409
44	290	0.579
44	308	0.579
44	309	0.6792
45	8	0.6792
45	24	0.6792
45	45	1
45	84	0.579
45	96	0.6792
45	110	0.6792
45	177	0.6257
45	178	0.6257
45	200	0.6257
45	267	0.6792
45	272	0.579
45	276	0.6792
45	278	0.7409
45	294	0.6792
45	299	0.7409
45	306	0.7409
46	4	0.579
46	46	1
46	49	1
46	63	0.579
46	79	0.579
46	80	0.8129
46	107	0.579
46	139	0.579
46	163	0.579
46	170	0.6257
46	209	0.6257
46	274	0.579
46	280	0.6792
46	292	0.6257
46	299	0.579
47	2	0.579
47	21	0.6257
47	22	0.579
47	39	0.8129
47	43	0.6257
47	47	1
47	51	0.6257
47	58	0.6792
47	129	0.579
47	145	0.6257
47	151	0.579
47	152	0.579
47	169	0.6257
47	181	0.6257
47	184	0.6257
47	189	0.579
47	199	0.6257
47	205	0.6792
47	207	0.6257
47	213	0.579
47	255	0.6257
47	279	0.579
47	312	0.8129
48	4	0.579
48	34	0.579
48	48	1
48	69	0.579
48	71	0.6257
48	74	0.6257
48	80	0.579
48	141	0.579
48	143	0.579
48	158	0.579
48	173	0.579
48	177	0.6257
48	191	0.5377
48	195	0.6257
48	204	0.579
48	238	0.579
48	246	0.579
48	247	0.6257
48	270	0.579
48	289	0.6792
48	314	0.579
49	4	0.579
49	46	1
49	49	1
49	63	0.579
49	79	0.579
49	80	0.8129
49	107	0.579
49	139	0.579
49	163	0.579
49	170	0.6257
49	209	0.6257
49	274	0.579
49	280	0.6792
49	292	0.6257
49	299	0.579
50	5	0.579
50	12	0.579
50	13	0.6257
50	50	1
50	54	0.579
50	56	0.6257
50	62	0.579
50	85	0.579
50	100	0.579
50	105	0.6257
50	128	0.6257
50	134	0.579
50	161	0.6792
50	182	0.6257
50	212	0.6257
50	216	0.6257
50	217	0.5377
50	222	0.6257
50	234	0.579
50	249	0.579
50	252	0.6257
50	274	0.579
50	284	0.5377
50	296	0.6257
51	6	0.5377
51	14	0.6257
51	17	0.579
51	21	0.7409
51	36	0.6257
51	39	0.6792
51	43	0.7409
51	47	0.6257
51	51	1
51	58	0.6792
51	64	0.6257
51	102	0.579
51	114	0.6257
51	117	0.7409
51	122	0.579
51	131	0.6257
51	133	0.5377
51	145	0.7409
51	150	0.6257
51	151	0.579
51	169	0.6257
51	184	0.6792
51	199	0.6792
51	207	0.8129
51	211	0.5377
51	215	0.579
51	228	0.5377
51	253	0.579
51	255	0.6792
51	266	0.5377
51	279	0.6257
51	281	0.5377
51	286	0.6257
51	312	0.6792
52	7	0.6257
52	18	0.579
52	25	0.579
52	41	0.579
52	52	1
52	138	0.579
52	147	0.6257
52	148	0.6257
52	156	0.579
52	157	0.6257
52	165	0.579
52	201	0.579
52	238	0.5377
52	239	0.579
52	284	0.5377
52	287	0.579
52	291	0.5377
53	35	0.6257
53	44	0.6257
53	53	1
53	57	0.6257
53	60	0.6257
53	61	0.6257
53	68	0.6257
53	81	0.6257
53	88	0.6257
53	89	1
53	103	0.579
53	130	0.6257
53	142	0.6257
53	168	0.6257
53	190	0.6257
53	193	0.6257
53	235	0.6257
53	251	0.579
53	258	0.579
53	269	0.579
53	285	0.579
53	288	0.6792
53	290	0.6257
53	308	0.6257
53	309	0.6792
54	4	0.579
54	50	0.579
54	54	1
54	109	0.5377
54	112	0.579
54	217	0.5377
54	225	0.5377
54	238	0.5377
54	246	0.579
54	250	0.579
54	265	0.579
54	273	0.6257
54	284	0.5377
54	308	0.579
55	9	0.6257
55	16	0.579
55	20	0.6257
55	25	0.6257
55	28	0.6792
55	29	0.579
55	34	0.579
55	44	0.579
55	55	1
55	57	0.579
55	70	0.5377
55	76	0.6257
55	81	0.579
55	87	0.579
55	103	0.579
55	124	0.6257
55	148	0.6257
55	155	0.6257
55	162	0.6257
55	166	0.579
55	167	0.6257
55	168	0.579
55	185	0.5377
55	193	0.579
55	203	0.579
55	219	0.8979
55	230	0.6257
55	231	0.579
55	233	0.579
55	236	0.6792
55	244	0.579
55	262	0.6257
55	263	0.6257
55	264	0.6257
55	270	0.5377
55	304	0.6792
55	315	0.6257
56	5	0.579
56	7	0.6257
56	12	0.6257
56	13	0.7409
56	42	0.579
56	50	0.6257
56	56	1
56	62	0.579
56	85	0.579
56	91	0.579
56	100	0.579
56	105	0.6792
56	128	0.8979
56	147	0.579
56	161	0.6792
56	171	0.8129
56	182	0.579
56	212	0.6792
56	216	0.8979
56	222	0.6257
56	234	0.8129
56	251	0.579
56	252	1
56	256	0.6257
56	274	0.579
56	285	0.579
56	296	0.6257
57	20	0.6257
57	35	0.579
57	44	0.8979
57	53	0.6257
57	57	1
57	60	0.8129
57	68	0.579
57	81	0.8129
57	88	0.579
57	89	0.6257
57	130	0.8129
57	142	0.579
57	143	0.579
57	168	0.8129
57	172	0.579
57	193	0.8979
57	235	0.8979
57	246	0.579
57	264	0.6257
57	288	0.7409
57	290	0.579
57	308	0.579
57	309	0.6792
58	1	0.579
58	15	0.579
58	21	0.6257
58	22	0.579
58	39	0.6792
58	43	0.6257
58	47	0.6792
58	51	0.6792
58	58	1
58	102	0.6257
58	120	0.579
58	122	0.6257
58	131	0.6257
58	145	0.6257
58	150	0.579
58	151	0.579
58	169	0.6257
58	184	0.6257
58	198	0.579
58	199	0.6257
58	205	0.6257
58	207	0.6257
58	215	0.579
58	224	0.579
58	255	0.6792
58	279	0.579
58	305	0.579
58	312	0.6792
59	59	1
59	84	0.579
59	97	1
59	141	0.8129
59	163	0.579
59	204	0.7409
59	232	0.6257
59	281	0.5377
60	44	0.8979
60	53	0.6257
60	57	0.8129
60	60	1
60	81	0.8979
60	89	0.6257
60	130	0.8129
60	168	0.8979
60	193	0.8979
60	235	0.8129
60	288	0.6792
60	308	0.579
60	309	0.6792
61	22	0.579
61	35	0.7409
61	53	0.6257
61	61	1
61	68	0.7409
61	88	0.7409
61	89	0.6257
61	142	0.7409
61	187	0.579
61	190	1
61	191	0.5377
61	194	0.6257
61	258	0.6257
61	263	0.6257
61	290	0.7409
61	293	0.579
61	314	0.579
62	13	0.579
62	30	0.579
62	42	0.579
62	50	0.579
62	56	0.579
62	62	1
62	69	0.579
62	85	0.7409
62	91	0.6257
62	93	0.6257
62	105	0.6792
62	108	0.579
62	134	0.6257
62	153	0.7409
62	161	0.6257
62	175	0.579
62	179	0.579
62	185	0.5377
62	212	0.7409
62	220	0.6792
62	222	0.6257
62	252	0.579
62	296	0.8129
62	311	0.579
63	46	0.579
63	49	0.579
63	63	1
63	72	0.5377
63	108	0.579
63	139	0.579
63	144	0.6257
63	149	0.6257
63	166	0.579
63	197	0.579
63	209	0.579
63	213	0.579
63	217	0.5377
63	249	0.579
63	266	0.5377
63	274	0.6257
63	291	0.5377
63	307	0.579
64	6	0.6257
64	14	0.7409
64	17	0.6792
64	21	0.8129
64	36	1
64	39	0.6792
64	43	0.6792
64	51	0.6257
64	64	1
64	102	0.7409
64	114	1
64	117	0.8129
64	131	0.8129
64	145	0.8129
64	150	0.6792
64	184	0.8979
64	199	0.8979
64	207	0.6792
64	215	0.7409
64	228	0.6257
64	253	0.6792
64	255	0.6792
64	281	0.6257
64	286	1
64	312	0.6257
65	3	0.579
65	65	1
65	87	0.579
65	158	0.579
65	203	0.579
65	204	0.579
65	217	0.5377
65	231	0.579
65	258	0.579
65	266	0.5377
66	22	0.6257
66	66	1
66	132	0.579
66	143	0.6257
66	183	0.579
66	192	0.6257
66	209	0.579
66	224	0.579
66	246	0.6792
66	247	0.579
66	279	0.579
66	292	0.6792
66	314	0.579
67	10	0.579
67	37	0.6792
67	67	1
67	104	0.6792
67	118	0.6257
67	119	0.579
67	181	0.579
67	225	0.5377
67	261	0.7409
67	289	0.579
67	301	0.6257
68	35	0.8979
68	44	0.579
68	53	0.6257
68	57	0.579
68	61	0.7409
68	68	1
68	88	0.8979
68	89	0.6257
68	130	0.579
68	142	1
68	190	0.7409
68	193	0.579
68	194	0.6792
68	258	0.6257
68	290	1
69	3	0.579
69	12	0.579
69	18	0.579
69	48	0.579
69	62	0.579
69	69	1
69	83	0.579
69	85	0.579
69	90	0.579
69	98	0.579
69	122	0.579
69	125	0.579
69	140	0.6257
69	157	0.6257
69	196	0.579
69	197	0.579
69	201	0.6792
69	243	0.6257
69	259	0.579
69	287	0.6792
69	311	0.579
70	70	1
70	87	0.579
70	203	0.579
70	231	0.579
70	257	0.579
70	297	0.579
71	8	0.579
71	24	0.579
71	48	0.6257
71	71	1
71	74	0.6792
71	96	0.6257
71	107	0.579
71	110	0.579
71	116	0.579
71	121	0.6257
71	135	0.6792
71	137	0.7409
71	143	0.579
71	173	0.6257
71	176	0.579
71	191	0.5377
71	200	0.6792
71	213	0.579
71	229	0.579
71	243	0.6257
71	268	0.6792
71	276	0.579
71	280	0.579
71	289	0.6257
71	294	0.6257
71	299	0.579
71	314	0.579
72	72	1
72	225	0.5377
72	291	0.5377
73	5	0.6257
73	9	0.7409
73	12	0.579
73	16	0.6257
73	20	0.6257
73	30	0.579
73	42	0.579
73	50	0.579
73	56	0.579
73	63	0.579
73	73	1
73	79	0.579
73	87	0.6257
73	90	0.579
73	95	0.579
73	100	0.6257
73	139	0.6257
73	166	0.579
73	167	0.6257
73	182	0.579
73	203	0.6257
73	216	0.579
73	231	0.579
73	234	0.579
73	244	0.579
73	249	0.579
73	252	0.579
73	274	0.6257
74	26	0.5377
74	27	0.579
74	37	0.6257
74	46	0.579
74	48	0.6257
74	49	0.579
74	67	0.579
74	71	0.6792
74	74	1
74	80	0.579
74	110	0.579
74	116	0.579
74	121	0.6257
74	129	0.6257
74	132	0.579
74	135	0.6257
74	137	0.6792
74	173	0.579
74	181	0.579
74	197	0.579
74	229	0.579
74	243	0.579
74	250	0.579
74	261	0.6257
74	268	0.6257
74	276	0.579
74	282	0.5377
74	289	0.7409
74	302	0.579
75	8	0.579
75	59	0.579
75	72	0.5377
75	75	1
75	84	0.579
75	97	0.579
75	107	0.579
75	116	0.579
75	141	0.579
75	144	0.579
75	166	0.579
75	204	0.6257
75	209	0.579
75	229	0.579
75	245	0.579
75	254	0.579
75	280	0.579
75	291	0.579
75	292	0.6257
75	293	0.579
75	307	0.579
75	310	0.6257
76	28	0.6257
76	55	0.6257
76	76	1
76	124	0.579
76	162	0.579
76	219	0.6257
76	236	0.6257
76	237	0.579
76	262	0.579
77	77	1
77	98	0.579
77	126	0.7409
77	157	0.579
77	202	0.6257
77	214	0.579
77	225	0.5377
77	245	0.579
77	281	0.5377
78	12	0.579
78	35	0.579
78	78	1
78	88	0.579
78	91	0.579
78	101	0.6257
78	164	0.579
78	191	0.579
79	16	0.6257
79	25	0.579
79	46	0.579
79	49	0.579
79	79	1
79	111	0.579
79	112	0.6257
79	139	0.579
79	182	0.579
79	217	0.579
79	220	0.579
79	225	0.5377
79	249	0.579
79	250	0.579
79	274	0.579
80	4	0.6257
80	19	0.6257
80	46	0.8129
80	48	0.579
80	49	0.8129
80	80	1
80	132	0.579
80	143	0.579
80	146	0.579
80	163	0.6257
80	165	0.6257
80	170	0.579
80	173	0.579
80	209	0.579
80	246	0.579
80	247	0.579
80	280	0.6257
80	292	0.6257
80	299	0.579
81	44	0.8129
81	53	0.6257
81	57	0.8129
81	60	0.8979
81	81	1
81	89	0.6257
81	130	0.7409
81	168	1
81	193	0.8129
81	235	0.8129
81	288	0.6792
81	304	0.579
81	308	0.579
81	309	0.6792
82	3	0.6257
82	26	0.5377
82	32	0.6792
82	33	0.8129
82	82	1
82	90	0.579
82	127	0.579
82	133	0.579
82	151	0.579
82	156	0.579
82	174	0.6257
82	196	0.579
82	197	0.6257
82	210	0.6792
82	211	0.579
82	217	0.5377
82	221	0.6257
82	226	0.579
82	239	0.6257
82	282	0.5377
83	11	0.579
83	29	0.579
83	31	0.579
83	69	0.579
83	83	1
83	124	0.6257
83	125	0.8979
83	159	0.579
83	172	0.6792
83	173	0.579
83	201	0.579
83	218	0.579
83	236	0.6257
83	248	0.579
83	277	0.579
83	287	0.579
83	298	0.579
83	302	0.579
83	311	0.579
84	8	0.579
84	40	0.579
84	45	0.579
84	59	0.579
84	84	1
84	97	0.579
84	140	0.579
84	163	0.579
84	176	0.579
84	177	0.6257
84	179	0.579
84	186	0.6257
84	204	0.579
84	254	0.579
84	267	0.579
84	271	0.6792
84	276	0.579
84	278	0.579
84	294	0.6257
84	299	0.6257
84	307	0.579
85	13	0.579
85	30	0.579
85	50	0.579
85	56	0.579
85	62	0.7409
85	69	0.579
85	85	1
85	91	0.6792
85	105	0.6792
85	108	0.579
85	133	0.5377
85	134	0.6792
85	153	0.6792
85	161	0.6257
85	175	0.579
85	211	0.5377
85	212	0.7409
85	220	0.6792
85	251	0.579
85	252	0.579
85	296	0.8129
85	311	0.579
86	86	1
86	109	0.5377
86	133	0.5377
86	158	0.6257
86	186	0.579
86	206	0.579
86	211	0.5377
86	270	0.5377
87	9	0.579
87	65	0.579
87	70	0.579
87	73	0.6257
87	87	1
87	90	0.579
87	91	0.579
87	158	0.579
87	167	0.6257
87	175	0.6257
87	203	1
87	223	0.6257
87	231	0.8979
87	250	0.579
87	257	0.5377
87	258	0.579
87	297	0.5377
88	35	1
88	44	0.579
88	53	0.6257
88	57	0.579
88	61	0.7409
88	68	0.8979
88	78	0.579
88	88	1
88	89	0.6257
88	99	0.5377
88	130	0.579
88	142	0.8979
88	187	0.579
88	190	0.7409
88	193	0.579
88	194	0.6792
88	258	0.6257
88	290	0.8979
89	35	0.6257
89	44	0.6257
89	53	1
89	57	0.6257
89	60	0.6257
89	61	0.6257
89	68	0.6257
89	81	0.6257
89	88	0.6257
89	89	1
89	103	0.579
89	130	0.6257
89	142	0.6257
89	168	0.6257
89	190	0.6257
89	193	0.6257
89	235	0.6257
89	251	0.579
89	258	0.579
89	269	0.579
89	285	0.579
89	288	0.6792
89	290	0.6257
89	308	0.6257
89	309	0.6792
90	3	0.6257
90	9	0.579
90	12	0.579
90	18	0.6792
90	33	0.6257
90	69	0.579
90	82	0.579
90	87	0.579
90	90	1
90	112	0.579
90	138	0.579
90	147	0.6257
90	156	0.6257
90	157	0.579
90	174	0.6257
90	196	0.6792
90	203	0.579
90	208	0.7409
90	221	0.6257
90	222	0.6257
90	231	0.579
90	238	0.5377
90	239	0.6792
90	249	0.579
90	259	0.579
90	284	0.5377
91	56	0.579
91	62	0.6257
91	78	0.579
91	85	0.6792
91	87	0.579
91	91	1
91	101	0.6257
91	105	0.6792
91	134	0.6257
91	153	0.6257
91	161	0.6257
91	164	0.579
91	175	0.6257
91	182	0.579
91	203	0.579
91	212	0.7409
91	220	0.6257
91	231	0.579
91	251	0.6792
91	252	0.579
91	296	0.6257
92	42	0.579
92	92	1
92	113	0.579
92	133	0.5377
92	149	0.579
92	152	0.579
92	197	0.579
92	211	0.5377
92	217	0.5377
92	224	0.6257
92	266	0.579
92	283	0.579
93	7	0.6257
93	20	0.6257
93	27	0.579
93	30	0.579
93	52	0.579
93	62	0.6257
93	69	0.579
93	83	0.579
93	85	0.579
93	91	0.579
93	93	1
93	105	0.6257
93	111	0.579
93	125	0.579
93	134	0.6257
93	153	0.579
93	158	0.579
93	165	0.579
93	175	0.579
93	188	0.6257
93	206	0.579
93	220	0.579
93	227	0.6257
93	229	0.579
93	239	0.579
93	248	0.6257
93	296	0.579
93	302	0.6257
93	311	0.579
94	22	0.6257
94	25	0.579
94	29	0.579
94	61	0.579
94	66	0.579
94	80	0.579
94	94	1
94	123	0.6257
94	124	0.6257
94	132	0.579
94	143	0.579
94	148	0.6792
94	155	0.6257
94	158	0.579
94	165	0.6257
94	183	0.6257
94	187	0.6257
94	190	0.579
94	206	0.6257
94	262	0.579
94	264	0.6257
94	288	0.6792
94	308	0.579
94	309	0.6257
94	313	0.8979
95	95	1
95	111	0.579
95	152	0.579
95	240	0.579
95	248	0.579
95	266	0.5377
96	8	0.7409
96	24	0.8129
96	26	0.5377
96	45	0.6792
96	71	0.6257
96	84	0.579
96	96	1
96	107	0.579
96	110	0.8129
96	121	0.579
96	137	0.6792
96	141	0.579
96	173	0.579
96	176	0.579
96	177	0.6792
96	197	0.579
96	200	0.8129
96	229	0.6257
96	254	0.579
96	267	0.6792
96	271	0.6257
96	276	0.579
96	278	0.6792
96	282	0.5377
96	294	0.8129
96	299	0.8129
96	306	0.7409
97	59	1
97	84	0.579
97	97	1
97	141	0.8129
97	163	0.579
97	204	0.7409
97	232	0.6257
97	281	0.5377
98	10	0.579
98	18	0.579
98	69	0.579
98	77	0.579
98	98	1
98	136	0.5377
98	140	0.579
98	151	0.579
98	154	0.5377
98	156	0.6257
98	157	0.7409
98	165	0.579
98	174	0.6257
98	189	0.6257
98	196	0.579
98	201	0.579
98	214	0.579
98	218	0.579
98	243	0.579
98	287	0.579
99	99	1
99	103	0.579
99	233	0.579
99	254	0.6792
99	258	0.579
100	5	1
100	7	0.6257
100	9	0.6257
100	12	0.579
100	50	0.579
100	56	0.579
100	73	0.6257
100	100	1
100	108	0.579
100	139	0.8129
100	216	0.579
100	234	0.579
100	252	0.579
100	256	0.579
100	274	0.7409
100	284	0.579
100	291	0.5377
101	5	0.579
101	12	0.579
101	50	0.579
101	56	0.579
101	62	0.579
101	78	0.6257
101	87	0.579
101	91	0.6257
101	100	0.579
101	101	1
101	105	0.6257
101	107	0.6257
101	134	0.579
101	143	0.579
101	153	0.579
101	154	0.5377
101	173	0.579
101	175	0.6792
101	191	0.6257
101	203	0.579
101	212	0.6257
101	231	0.579
101	246	0.579
101	252	0.579
101	259	0.579
101	261	0.6257
101	274	0.579
101	296	0.579
101	314	0.6257
102	1	0.6257
102	6	0.7409
102	14	0.8129
102	17	0.8129
102	21	0.6792
102	36	0.7409
102	58	0.6257
102	64	0.7409
102	102	1
102	114	0.7409
102	117	0.6257
102	131	0.7409
102	145	0.6792
102	150	0.8129
102	184	0.6792
102	199	0.6792
102	207	0.6257
102	215	0.8979
102	228	0.7409
102	253	0.8129
102	281	0.7409
102	286	0.7409
103	11	0.579
103	28	0.6257
103	53	0.579
103	89	0.579
103	99	0.579
103	103	1
103	158	0.579
103	160	0.579
103	195	0.6257
103	233	0.579
103	238	0.5377
103	250	0.579
103	258	0.579
103	270	0.579
103	275	0.6257
103	308	0.579
104	8	0.579
104	24	0.579
104	37	0.8129
104	46	0.579
104	49	0.579
104	67	0.6792
104	104	1
104	107	0.579
104	116	0.579
104	119	0.579
104	132	0.579
104	135	0.6257
104	143	0.579
104	144	0.579
104	170	0.579
104	173	0.579
104	200	0.6792
104	209	0.579
104	254	0.579
104	259	0.579
104	261	0.8129
104	267	0.579
104	268	0.6257
104	278	0.579
104	289	0.6257
104	299	0.579
104	306	0.579
104	307	0.579
104	310	0.6257
104	314	0.579
105	5	0.579
105	7	0.6257
105	9	0.6257
105	12	0.579
105	13	0.6257
105	30	0.579
105	50	0.6257
105	56	0.6792
105	62	0.6792
105	85	0.6792
105	91	0.6792
105	93	0.6257
105	100	0.579
105	101	0.6257
105	105	1
105	128	0.6792
105	134	0.6257
105	153	0.6257
105	161	0.6792
105	171	0.579
105	175	0.579
105	182	0.579
105	212	0.8129
105	216	0.6257
105	220	0.6792
105	234	0.579
105	251	0.6257
105	252	0.6792
105	256	0.579
105	274	0.579
105	296	0.6792
106	8	0.579
106	19	0.6792
106	24	0.579
106	26	0.5377
106	45	0.579
106	46	0.579
106	49	0.579
106	52	0.579
106	80	0.579
106	106	1
106	110	0.6792
106	137	0.6257
106	138	0.579
106	140	0.579
106	141	0.579
106	146	0.579
106	154	0.5377
106	157	0.579
106	160	0.579
106	165	0.579
106	229	0.579
106	243	0.579
106	259	0.579
106	267	0.579
106	276	0.6257
106	278	0.579
106	282	0.5377
106	291	0.5377
106	295	0.6257
106	299	0.579
106	304	0.6257
106	306	0.6257
107	46	0.579
107	49	0.579
107	101	0.6257
107	107	1
107	116	0.579
107	135	0.6257
107	143	0.579
107	144	0.579
107	173	0.579
107	191	0.579
107	209	0.579
107	229	0.579
107	246	0.579
107	268	0.6257
107	269	0.579
107	280	0.579
107	295	0.6257
107	314	0.579
108	5	0.579
108	9	0.579
108	18	0.579
108	62	0.579
108	63	0.579
108	85	0.579
108	100	0.579
108	108	1
108	113	0.579
108	139	0.579
108	153	0.579
108	208	0.579
108	220	0.579
108	249	0.6257
108	257	0.501
108	274	0.6257
108	296	0.579
108	297	0.5377
109	109	1
109	240	0.6792
109	264	0.6257
110	8	0.7409
110	24	0.7409
110	26	0.5377
110	45	0.6792
110	96	0.8129
110	106	0.6792
110	110	1
110	121	0.579
110	137	0.6792
110	154	0.5377
110	165	0.579
110	176	0.579
110	177	0.6792
110	197	0.579
110	200	0.6792
110	229	0.6257
110	243	0.579
110	267	0.6792
110	271	0.6257
110	276	0.6257
110	278	0.6792
110	282	0.5377
110	294	0.7409
110	295	0.6257
110	299	0.6792
110	306	0.7409
111	20	0.6257
111	79	0.579
111	95	0.579
111	109	0.5377
111	111	1
111	112	0.579
111	125	0.579
111	126	0.579
111	144	0.579
111	153	0.579
111	183	0.579
111	213	0.6257
111	225	0.579
111	240	0.579
111	248	0.6257
112	16	0.6257
112	54	0.579
112	70	0.5377
112	79	0.6257
112	90	0.579
112	111	0.579
112	112	1
112	136	0.5377
112	208	0.579
112	217	0.6257
112	244	0.579
112	249	0.6257
113	9	0.579
113	92	0.579
113	108	0.579
113	113	1
113	144	0.579
113	149	0.579
113	217	0.5377
113	225	0.5377
113	245	0.6257
113	297	0.501
114	6	0.6257
114	14	0.7409
114	17	0.6792
114	21	0.8129
114	36	1
114	39	0.6792
114	43	0.6792
114	51	0.6257
114	64	1
114	102	0.7409
114	114	1
114	117	0.8129
114	131	0.8129
114	145	0.8129
114	150	0.6792
114	184	0.8979
114	199	0.8979
114	207	0.6792
114	215	0.7409
114	228	0.6257
114	253	0.6792
114	255	0.6792
114	281	0.6257
114	286	1
114	312	0.6257
115	2	0.579
115	72	0.5377
115	115	1
115	129	0.579
115	136	0.5377
115	187	0.579
115	304	0.579
116	72	0.5377
116	107	0.579
116	116	1
116	126	0.579
116	132	0.579
116	135	0.6792
116	144	0.6257
116	154	0.5377
116	169	0.579
116	170	0.579
116	173	0.6257
116	180	0.579
116	209	0.6257
116	213	0.6257
116	257	0.501
116	268	0.6792
116	293	0.579
116	297	0.501
116	310	0.6257
117	6	0.579
117	14	0.6792
117	17	0.6257
117	21	0.8979
117	32	0.6257
117	36	0.8129
117	39	0.6792
117	43	0.7409
117	51	0.7409
117	64	0.8129
117	98	0.579
117	102	0.6257
117	114	0.8129
117	117	1
117	131	0.7409
117	145	0.8129
117	150	0.6792
117	184	0.8979
117	199	0.8979
117	207	0.8129
117	210	0.6257
117	215	0.6257
117	228	0.579
117	253	0.6257
117	255	0.6792
117	281	0.579
117	286	0.8129
117	312	0.6257
118	23	0.579
118	27	0.579
118	67	0.6257
118	118	1
118	119	0.579
118	121	0.579
118	129	0.579
118	181	0.579
118	225	0.6792
118	238	0.6257
118	301	0.6792
119	9	0.579
119	23	0.6257
119	30	0.579
119	67	0.579
119	118	0.579
119	119	1
119	136	0.5377
119	183	0.6257
119	225	0.5377
119	244	0.579
119	256	0.579
119	301	0.579
120	15	1
120	16	0.6257
120	38	0.579
120	120	1
120	237	0.579
120	244	0.6792
121	8	0.579
121	24	0.579
121	26	0.579
121	30	0.579
121	71	0.6257
121	74	0.6257
121	110	0.579
121	118	0.579
121	121	1
121	129	0.6257
121	181	0.579
121	225	0.5377
121	250	0.6792
121	278	0.579
121	282	0.579
121	294	0.6257
121	301	0.579
121	302	0.579
121	306	0.579
122	32	0.6257
122	40	0.579
122	43	0.6257
122	58	0.6257
122	69	0.579
122	122	1
122	136	0.5377
122	149	0.579
122	169	0.579
122	179	0.579
122	198	0.8129
122	206	0.579
122	213	0.579
122	266	0.5377
122	277	0.579
122	279	0.6257
122	298	0.6792
122	302	0.579
122	311	0.8129
123	16	0.579
123	22	0.579
123	25	0.6257
123	29	0.579
123	31	0.579
123	35	0.579
123	53	0.579
123	61	0.579
123	68	0.579
123	88	0.579
123	89	0.579
123	94	0.6257
123	123	1
123	124	0.579
123	142	0.579
123	148	0.6257
123	158	0.579
123	183	0.579
123	187	0.6257
123	190	0.579
123	194	0.6257
123	258	0.579
123	260	0.6257
123	262	0.579
123	263	0.6257
123	275	0.579
123	290	0.579
123	308	0.579
123	313	0.6257
123	315	0.6257
124	25	0.579
124	29	0.579
124	55	0.6257
124	76	0.579
124	83	0.6257
124	94	0.6257
124	124	1
124	125	0.579
124	148	0.6792
124	158	0.579
124	159	0.579
124	165	0.579
124	172	0.579
124	187	0.579
124	194	0.6257
124	219	0.6257
124	223	0.6257
124	236	0.6792
124	251	0.579
124	270	0.5377
124	315	0.6257
125	11	0.6257
125	69	0.579
125	83	0.8979
125	111	0.579
125	124	0.579
125	125	1
125	172	0.6257
125	173	0.579
125	201	0.579
125	218	0.579
125	225	0.5377
125	248	0.6257
125	262	0.579
125	287	0.579
125	298	0.579
125	300	0.579
125	301	0.579
125	311	0.579
126	77	0.7409
126	111	0.579
126	116	0.579
126	126	1
126	144	0.579
126	202	0.579
126	213	0.579
126	245	0.579
126	259	0.579
126	293	0.579
126	310	0.6257
126	314	0.579
127	23	0.579
127	25	0.579
127	82	0.579
127	127	1
127	152	0.579
127	191	0.5377
127	201	0.579
127	202	0.579
127	218	0.579
127	287	0.579
128	5	0.579
128	7	0.6257
128	12	0.6257
128	13	0.7409
128	42	0.579
128	50	0.6257
128	56	0.8979
128	62	0.579
128	85	0.579
128	91	0.579
128	100	0.579
128	105	0.6792
128	128	1
128	147	0.579
128	153	0.579
128	161	0.6792
128	171	0.8129
128	182	0.579
128	212	0.7409
128	216	0.8129
128	220	0.579
128	222	0.6257
128	234	0.8129
128	251	0.579
128	252	0.8979
128	256	0.579
128	274	0.6257
128	285	0.579
128	296	0.6257
129	10	0.579
129	22	0.6257
129	23	0.579
129	74	0.6257
129	115	0.579
129	118	0.579
129	121	0.6257
129	129	1
129	152	0.579
129	181	0.8129
129	183	0.579
129	238	0.5377
129	250	0.579
129	301	0.579
129	302	0.579
130	11	0.579
130	35	0.579
130	40	0.579
130	44	0.8979
130	53	0.6257
130	57	0.8129
130	60	0.8129
130	68	0.579
130	81	0.7409
130	88	0.579
130	89	0.6257
130	109	0.5377
130	130	1
130	142	0.579
130	143	0.579
130	168	0.7409
130	172	0.579
130	193	0.8979
130	195	0.6257
130	235	0.8129
130	246	0.579
130	288	0.6792
130	290	0.579
130	308	0.579
130	309	0.6257
131	3	0.579
131	6	0.579
131	14	0.6792
131	15	0.579
131	17	0.6257
131	21	0.8129
131	36	0.8129
131	39	0.6257
131	43	0.6257
131	51	0.6257
131	58	0.6257
131	64	0.8129
131	82	0.579
131	102	0.7409
131	114	0.8129
131	117	0.7409
131	120	0.579
131	131	1
131	145	0.8129
131	150	0.6257
131	184	0.8129
131	199	0.8129
131	201	0.579
131	205	0.6257
131	207	0.6792
131	215	0.6792
131	228	0.579
131	244	0.579
131	253	0.6257
131	255	0.6792
131	281	0.579
131	286	0.8129
131	287	0.579
131	312	0.6257
132	19	0.6257
132	66	0.579
132	80	0.579
132	116	0.579
132	132	1
132	141	0.579
132	143	0.579
132	144	0.579
132	172	0.579
132	173	0.579
132	191	0.5377
132	209	0.579
132	254	0.579
132	293	0.579
133	33	0.579
133	82	0.579
133	133	1
133	197	0.579
133	211	1
133	239	0.579
134	50	0.579
134	62	0.6257
134	85	0.6792
134	91	0.6257
134	93	0.6257
134	105	0.6257
134	134	1
134	153	0.579
134	175	0.6792
134	212	0.6257
134	220	0.6257
134	239	0.579
134	296	0.6792
135	8	0.579
135	24	0.579
135	37	0.6792
135	46	0.579
135	48	0.579
135	49	0.579
135	71	0.6792
135	74	0.6257
135	104	0.6257
135	107	0.6257
135	116	0.6792
135	135	1
135	137	0.6257
135	143	0.579
135	144	0.579
135	173	0.8129
135	200	0.6257
135	209	0.579
135	213	0.579
135	229	0.579
135	243	0.579
135	261	0.6792
135	268	1
135	276	0.579
135	280	0.579
135	289	0.6257
135	293	0.579
136	10	0.579
136	23	0.579
136	136	1
136	198	0.579
136	244	0.579
137	8	0.6257
137	24	0.6257
137	26	0.5377
137	27	0.579
137	45	0.579
137	48	0.579
137	71	0.7409
137	74	0.6792
137	84	0.579
137	96	0.6792
137	106	0.6257
137	107	0.579
137	110	0.6792
137	116	0.579
137	121	0.579
137	132	0.579
137	135	0.6257
137	137	1
137	154	0.5377
137	173	0.579
137	176	0.6257
137	177	0.579
137	191	0.579
137	200	0.6792
137	229	0.579
137	243	0.6257
137	267	0.6257
137	268	0.6257
137	271	0.6257
137	276	0.6257
137	278	0.579
137	282	0.5377
137	289	0.579
137	294	0.6257
137	295	0.6257
137	299	0.6257
137	306	0.6257
138	18	0.6257
138	33	0.579
138	52	0.579
138	90	0.579
138	138	1
138	147	0.6792
138	156	0.6257
138	157	0.579
138	189	0.579
138	196	0.579
138	197	0.579
138	224	0.579
138	239	0.7409
138	259	0.579
138	284	0.5377
138	304	0.579
138	305	0.6257
139	5	0.8129
139	9	0.6257
139	12	0.6257
139	16	0.579
139	46	0.579
139	49	0.579
139	63	0.579
139	73	0.6257
139	79	0.579
139	100	0.8129
139	108	0.579
139	139	1
139	208	0.579
139	217	0.5377
139	249	0.579
139	274	0.6792
139	284	0.5377
139	291	0.5377
140	11	0.579
140	13	0.579
140	18	0.579
140	26	0.5377
140	40	0.579
140	69	0.6257
140	84	0.579
140	98	0.579
140	140	1
140	160	0.579
140	163	0.6257
140	165	0.579
140	177	0.579
140	178	0.579
140	192	0.579
140	196	0.579
140	201	0.579
140	243	0.6257
140	258	0.579
140	271	0.6257
140	272	0.6257
140	273	0.579
140	276	0.579
140	282	0.5377
140	287	0.579
140	305	0.579
141	48	0.579
141	59	0.8129
141	70	0.5377
141	97	0.8129
141	132	0.579
141	141	1
141	170	0.579
141	204	0.6792
141	232	0.6257
141	240	0.579
141	310	0.6257
142	35	0.8979
142	44	0.579
142	53	0.6257
142	57	0.579
142	61	0.7409
142	68	1
142	88	0.8979
142	89	0.6257
142	130	0.579
142	142	1
142	190	0.7409
142	193	0.579
142	194	0.6792
142	258	0.6257
142	290	1
143	4	0.579
143	37	0.6257
143	44	0.579
143	48	0.579
143	57	0.579
143	66	0.6257
143	80	0.579
143	107	0.579
143	130	0.579
143	132	0.579
143	143	1
143	191	0.5377
143	193	0.579
143	206	0.579
143	232	0.6257
143	246	0.6257
143	247	0.6257
143	259	0.579
143	261	0.6257
143	314	0.6792
144	37	0.6257
144	63	0.6257
144	107	0.579
144	111	0.579
144	113	0.579
144	116	0.6257
144	126	0.579
144	132	0.579
144	144	1
144	149	0.579
144	166	0.579
144	197	0.579
144	209	0.6792
144	213	0.579
144	229	0.579
144	245	0.579
144	254	0.579
144	259	0.579
144	284	0.5377
144	293	0.579
144	297	0.501
144	307	0.579
144	310	0.6257
145	6	0.579
145	14	0.6792
145	17	0.6257
145	21	0.8979
145	36	0.8129
145	39	0.6792
145	43	0.6792
145	47	0.6257
145	51	0.7409
145	58	0.6257
145	64	0.8129
145	102	0.6792
145	114	0.8129
145	117	0.8129
145	131	0.8129
145	133	0.5377
145	145	1
145	150	0.6792
145	184	0.8979
145	199	0.8979
145	207	0.7409
145	211	0.5377
145	215	0.6792
145	228	0.579
145	253	0.6257
145	255	0.6792
145	279	0.579
145	281	0.579
145	286	0.8129
145	312	0.6792
146	19	0.6257
146	23	0.579
146	27	0.579
146	80	0.579
146	136	0.5377
146	146	1
146	151	0.579
146	229	0.579
146	243	0.579
146	263	0.6257
146	304	0.579
147	3	0.579
147	13	0.579
147	18	0.6792
147	33	0.579
147	41	0.579
147	42	0.579
147	52	0.6257
147	56	0.579
147	90	0.6257
147	138	0.6792
147	147	1
147	156	0.6257
147	160	0.579
147	186	0.579
147	196	0.6257
147	208	0.6792
147	216	0.579
147	221	0.6257
147	222	0.6792
147	234	0.579
147	238	0.5377
147	239	0.7409
147	241	0.579
147	252	0.579
147	283	0.579
147	284	0.6257
148	25	0.6257
148	29	0.579
148	35	0.579
148	44	0.579
148	52	0.6257
148	55	0.6257
148	57	0.579
148	68	0.579
148	80	0.579
148	88	0.579
148	94	0.6792
148	123	0.6257
148	124	0.6792
148	142	0.579
148	148	1
148	155	0.6792
148	158	0.579
148	159	0.579
148	164	0.579
148	165	0.6257
148	166	0.579
148	167	0.6792
148	187	0.579
148	192	0.579
148	193	0.579
148	206	0.579
148	219	0.6257
148	230	0.6257
148	236	0.6257
148	260	0.6257
148	262	0.6257
148	264	0.6257
148	288	0.6792
148	290	0.579
148	291	0.5377
148	293	0.579
148	309	0.6257
148	313	0.6257
149	42	0.579
149	63	0.6257
149	92	0.579
149	113	0.579
149	122	0.579
149	144	0.579
149	149	1
149	179	0.579
149	188	0.6257
149	197	0.6257
149	213	0.579
149	224	0.6257
149	227	0.6257
149	237	0.579
149	283	0.6792
149	307	0.579
150	6	0.7409
150	14	0.8129
150	17	0.8979
150	21	0.6792
150	36	0.6792
150	51	0.6257
150	64	0.6792
150	102	0.8129
150	114	0.6792
150	117	0.6792
150	131	0.6257
150	145	0.6792
150	150	1
150	151	0.579
150	184	0.6792
150	199	0.6792
150	207	0.6792
150	215	0.8979
150	228	0.7409
150	242	0.579
150	253	0.8979
150	281	0.7409
150	286	0.6792
151	32	0.6257
151	43	0.6257
151	82	0.579
151	98	0.579
151	146	0.579
151	150	0.579
151	151	1
151	165	0.579
151	169	0.6257
151	188	0.6792
151	189	0.8129
151	210	0.6257
151	227	0.6792
151	237	0.579
151	248	0.579
151	255	0.6257
151	305	0.579
152	92	0.579
152	95	0.579
152	127	0.579
152	129	0.579
152	133	0.5377
152	152	1
152	181	0.579
152	211	0.5377
152	257	0.501
152	266	0.5377
152	297	0.501
153	12	0.6257
153	30	0.579
153	62	0.7409
153	85	0.6792
153	91	0.6257
153	105	0.6257
153	108	0.579
153	111	0.579
153	134	0.579
153	153	1
153	212	0.7409
153	220	0.7409
153	249	0.579
153	257	0.501
153	295	0.6257
153	296	0.6792
153	297	0.501
154	154	1
154	180	0.579
154	191	0.5377
154	242	0.6257
154	257	0.6257
154	284	0.5377
154	295	0.6257
154	297	0.579
155	28	0.6257
155	29	0.6257
155	31	0.579
155	44	0.579
155	55	0.6257
155	57	0.579
155	94	0.6257
155	99	0.5377
155	109	0.579
155	124	0.579
155	130	0.579
155	148	0.6792
155	155	1
155	158	0.6257
155	162	0.6257
155	165	0.579
155	187	0.579
155	193	0.579
155	195	0.6257
155	204	0.579
155	206	0.6257
155	219	0.6257
155	230	0.6257
155	233	0.579
155	236	0.6257
155	240	0.579
155	260	0.6792
155	262	0.6257
155	263	0.6257
155	264	0.6792
155	270	0.5377
155	304	0.579
155	315	0.6257
156	18	0.8979
156	26	0.5377
156	33	0.6257
156	52	0.579
156	82	0.579
156	90	0.6257
156	98	0.6257
156	138	0.6257
156	147	0.6257
156	156	1
156	157	0.6792
156	174	0.6792
156	196	0.8979
156	208	0.6792
156	214	0.579
156	239	0.6257
156	282	0.5377
156	284	0.5377
156	297	0.501
157	10	0.579
157	18	0.6257
157	33	0.579
157	52	0.6257
157	69	0.6257
157	77	0.579
157	90	0.579
157	98	0.7409
157	138	0.579
157	156	0.6792
157	157	1
157	165	0.579
157	179	0.579
157	196	0.6257
157	197	0.579
157	201	0.579
157	208	0.579
157	214	0.6257
157	218	0.579
157	229	0.579
157	239	0.579
157	287	0.579
158	34	0.579
158	40	0.579
158	48	0.579
158	65	0.579
158	86	0.6257
158	87	0.579
158	103	0.579
158	109	0.5377
158	124	0.579
158	155	0.6257
158	158	1
158	162	0.579
158	187	0.6257
158	201	0.579
158	203	0.579
158	206	0.579
158	231	0.579
158	246	0.579
158	250	0.6257
158	258	0.579
158	270	0.5377
158	275	0.579
158	287	0.579
158	315	0.6257
159	26	0.5377
159	29	0.579
159	30	0.579
159	83	0.579
159	124	0.579
159	159	1
159	164	0.579
159	172	0.6257
159	251	0.579
159	282	0.5377
159	291	0.579
159	297	0.501
160	26	0.6257
160	103	0.579
160	140	0.579
160	147	0.579
160	160	1
160	163	0.579
160	178	0.579
160	282	0.6257
161	5	0.579
161	12	0.579
161	13	0.6792
161	42	0.579
161	50	0.6792
161	56	0.6792
161	62	0.6257
161	85	0.6257
161	91	0.6257
161	99	0.5377
161	100	0.579
161	105	0.6792
161	128	0.6792
161	133	0.5377
161	134	0.579
161	147	0.579
161	153	0.579
161	161	1
161	166	0.579
161	171	0.579
161	182	0.579
161	186	0.579
161	211	0.5377
161	212	0.7409
161	216	0.6257
161	220	0.579
161	222	0.6257
161	234	0.579
161	251	0.6257
161	252	0.6792
161	256	0.579
161	260	0.6257
161	269	0.579
161	274	0.579
161	296	0.6792
162	28	0.6257
162	34	0.6257
162	40	0.6257
162	41	0.6257
162	55	0.6257
162	76	0.579
162	109	0.5377
162	155	0.6257
162	158	0.579
162	162	1
162	185	0.5377
162	186	0.579
162	201	0.579
162	219	0.6257
162	233	0.579
162	265	0.579
162	270	0.579
162	287	0.579
162	300	0.6257
163	40	0.6792
163	46	0.579
163	49	0.579
163	59	0.579
163	80	0.6257
163	84	0.579
163	97	0.579
163	99	0.5377
163	140	0.6257
163	160	0.579
163	163	1
163	177	0.579
163	178	0.6257
163	192	0.579
163	248	0.579
163	272	0.6257
163	278	0.579
163	299	0.579
164	30	0.6257
164	78	0.579
164	91	0.579
164	159	0.579
164	164	1
164	173	0.579
164	183	0.579
164	185	0.5377
164	192	0.6257
164	248	0.579
164	278	0.579
164	291	0.5377
164	302	0.6257
165	52	0.579
165	80	0.6257
165	94	0.6257
165	98	0.579
165	110	0.579
165	124	0.579
165	140	0.579
165	148	0.6257
165	151	0.579
165	157	0.579
165	165	1
165	187	0.579
165	189	0.6257
165	206	0.6257
165	229	0.579
165	247	0.579
165	248	0.579
165	291	0.5377
166	63	0.579
166	144	0.579
166	166	1
166	230	0.6257
166	274	0.579
166	284	0.5377
166	293	0.579
166	304	0.579
166	307	0.579
167	3	0.579
167	9	0.579
167	20	0.6257
167	25	0.6257
167	29	0.579
167	52	0.579
167	55	0.6257
167	73	0.6257
167	79	0.579
167	87	0.6257
167	124	0.579
167	136	0.5377
167	148	0.6792
167	165	0.579
167	166	0.579
167	167	1
167	203	0.6257
167	231	0.579
167	247	0.579
167	262	0.579
168	44	0.8129
168	53	0.6257
168	57	0.8129
168	60	0.8979
168	81	1
168	89	0.6257
168	130	0.7409
168	168	1
168	193	0.8129
168	235	0.8129
168	288	0.6792
168	304	0.579
168	308	0.579
168	309	0.6792
169	39	0.6257
169	43	0.6792
169	47	0.6257
169	51	0.6257
169	58	0.6257
169	72	0.5377
169	116	0.579
169	122	0.579
169	151	0.6257
169	169	1
169	189	0.6257
169	198	0.579
169	255	0.6257
169	279	0.579
169	298	0.579
169	303	0.6257
169	305	0.579
169	312	0.6257
170	46	0.6257
170	49	0.6257
170	80	0.579
170	116	0.579
170	141	0.579
170	170	1
170	176	0.579
170	204	0.579
170	209	0.6257
170	232	0.579
170	247	0.579
170	254	0.6257
170	280	0.6792
170	281	0.5377
171	13	0.6257
171	56	0.8129
171	128	0.8129
171	171	1
171	212	0.6257
171	216	0.8129
171	234	0.8129
171	252	0.8129
171	256	0.6792
171	274	0.579
171	296	0.579
171	307	0.579
172	11	0.579
172	29	0.579
172	31	0.6257
172	44	0.579
172	57	0.579
172	83	0.6792
172	124	0.579
172	125	0.6257
172	130	0.579
172	132	0.579
172	159	0.6257
172	172	1
172	193	0.579
172	195	0.6257
172	206	0.579
172	235	0.6257
172	240	0.579
173	8	0.579
173	24	0.579
173	48	0.579
173	71	0.6257
173	80	0.579
173	83	0.579
173	107	0.579
173	116	0.6257
173	125	0.579
173	132	0.579
173	135	0.8129
173	164	0.579
173	173	1
173	191	0.5377
173	200	0.6257
173	213	0.579
173	229	0.579
173	268	0.8129
173	289	0.579
173	293	0.579
174	9	0.579
174	18	0.6257
174	21	0.6257
174	33	0.6257
174	82	0.6257
174	90	0.6257
174	98	0.6257
174	112	0.579
174	156	0.6792
174	157	0.579
174	174	1
174	196	0.6257
174	208	0.6792
174	238	0.5377
174	239	0.579
174	244	0.579
174	249	0.579
174	284	0.5377
174	297	0.501
175	62	0.579
175	85	0.579
175	87	0.6257
175	91	0.6257
175	101	0.6792
175	134	0.6792
175	175	1
175	185	0.5377
175	191	0.579
175	203	0.6257
175	231	0.6257
175	285	0.579
175	296	0.579
176	84	0.579
176	110	0.579
176	137	0.6257
176	170	0.579
176	176	1
176	177	0.579
176	180	0.6257
176	267	0.6257
176	271	0.6257
176	280	0.579
176	299	0.579
176	306	0.579
177	8	0.6257
177	24	0.6792
177	45	0.6257
177	48	0.6257
177	84	0.6257
177	96	0.6792
177	109	0.5377
177	110	0.6792
177	140	0.579
177	163	0.579
177	176	0.579
177	177	1
177	186	0.579
177	200	0.6257
177	267	0.6792
177	271	0.7409
177	276	0.6257
177	278	0.6792
177	294	0.6792
177	299	0.6792
177	306	0.7409
178	6	0.5377
178	45	0.6257
178	99	0.5377
178	140	0.579
178	160	0.579
178	163	0.6257
178	178	1
178	228	0.5377
178	272	0.8129
178	276	0.579
178	278	0.6257
178	299	0.6257
178	306	0.579
179	10	0.579
179	62	0.579
179	84	0.579
179	122	0.579
179	133	0.5377
179	149	0.579
179	157	0.579
179	179	1
179	198	0.579
179	211	0.5377
179	214	0.579
179	237	0.579
179	266	0.5377
179	307	0.7409
180	116	0.579
180	154	0.579
180	176	0.6257
180	180	1
180	242	0.579
180	257	0.501
180	280	0.579
181	22	0.6257
181	47	0.6257
181	67	0.579
181	99	0.5377
181	118	0.579
181	121	0.579
181	129	0.8129
181	152	0.579
181	181	1
181	183	0.579
181	213	0.579
181	238	0.5377
181	301	0.579
181	302	0.579
182	12	0.579
182	50	0.6257
182	56	0.579
182	79	0.579
182	91	0.579
182	182	1
182	191	0.5377
182	220	0.579
182	251	0.579
182	252	0.579
182	274	0.579
182	295	0.6792
183	2	0.6257
183	10	0.6257
183	22	0.7409
183	23	0.579
183	66	0.579
183	94	0.6257
183	111	0.579
183	119	0.6257
183	129	0.579
183	136	0.5377
183	164	0.579
183	181	0.579
183	183	1
183	187	0.6257
183	206	0.579
183	213	0.579
183	241	0.579
183	244	0.579
183	302	0.579
183	313	0.6257
184	6	0.579
184	14	0.6792
184	17	0.6257
184	21	0.8979
184	32	0.6257
184	36	0.8979
184	39	0.7409
184	43	0.7409
184	47	0.6257
184	51	0.6792
184	58	0.6257
184	64	0.8979
184	102	0.6792
184	114	0.8979
184	117	0.8979
184	131	0.8129
184	145	0.8979
184	150	0.6792
184	184	1
184	199	1
184	207	0.7409
184	210	0.6257
184	215	0.6792
184	228	0.579
184	253	0.6257
184	255	0.7409
184	281	0.579
184	286	0.8979
184	312	0.6792
185	23	0.579
185	34	0.579
185	185	1
185	191	0.5377
185	226	0.579
185	270	0.6257
185	284	0.5377
185	300	0.579
185	308	0.579
186	41	0.579
186	84	0.6257
186	86	0.579
186	147	0.579
186	162	0.579
186	177	0.579
186	185	0.5377
186	186	1
186	217	0.5377
186	265	0.579
186	270	0.579
186	283	0.579
186	284	0.5377
187	10	0.6257
187	22	0.6257
187	23	0.579
187	35	0.579
187	61	0.579
187	88	0.579
187	94	0.6257
187	109	0.5377
187	115	0.579
187	123	0.6257
187	124	0.579
187	136	0.5377
187	158	0.6257
187	165	0.579
187	183	0.6257
187	187	1
187	190	0.579
187	204	0.579
187	206	0.6257
187	214	0.579
187	218	0.579
187	264	0.6257
187	314	0.579
188	26	0.5377
188	30	0.6257
188	32	0.6257
188	33	0.579
188	63	0.579
188	76	0.579
188	82	0.579
188	86	0.579
188	93	0.6257
188	122	0.579
188	124	0.579
188	146	0.579
188	149	0.6257
188	151	0.6792
188	164	0.579
188	188	1
188	189	0.579
188	192	0.579
188	226	0.579
188	227	1
188	229	0.579
188	237	0.6257
188	248	0.6257
188	282	0.5377
188	302	0.6257
188	311	0.579
189	98	0.6257
189	138	0.579
189	151	0.8129
189	165	0.6257
189	169	0.6257
189	189	1
189	243	0.579
189	305	0.579
190	22	0.579
190	35	0.7409
190	53	0.6257
190	61	1
190	68	0.7409
190	88	0.7409
190	89	0.6257
190	142	0.7409
190	187	0.579
190	190	1
190	191	0.5377
190	194	0.6257
190	258	0.6257
190	263	0.6257
190	290	0.7409
190	293	0.579
190	314	0.579
191	78	0.579
191	101	0.6257
191	107	0.579
191	154	0.5377
191	175	0.579
191	185	0.5377
191	191	1
191	246	0.579
191	314	0.6257
192	25	0.579
192	26	0.5377
192	38	0.6792
192	66	0.6257
192	140	0.579
192	163	0.579
192	164	0.6257
192	192	1
192	246	0.579
192	254	0.579
192	282	0.5377
192	283	0.579
192	284	0.5377
192	292	0.8129
192	293	0.579
193	20	0.6257
193	35	0.579
193	44	1
193	53	0.6257
193	57	0.8979
193	60	0.8979
193	68	0.579
193	81	0.8129
193	88	0.579
193	89	0.6257
193	130	0.8979
193	142	0.579
193	143	0.579
193	168	0.8129
193	172	0.579
193	193	1
193	235	0.8979
193	246	0.579
193	264	0.6257
193	288	0.7409
193	290	0.579
193	308	0.579
193	309	0.6792
194	29	0.579
194	35	0.6792
194	53	0.579
194	61	0.6257
194	68	0.6792
194	88	0.6792
194	89	0.579
194	123	0.6257
194	124	0.6257
194	142	0.6792
194	172	0.579
194	187	0.579
194	190	0.6257
194	192	0.579
194	194	1
194	246	0.579
194	263	0.6792
194	290	0.6792
194	293	0.579
194	313	0.6257
194	315	0.6257
195	11	0.6792
195	28	0.6257
195	29	0.579
195	31	0.579
195	44	0.579
195	48	0.6257
195	57	0.579
195	83	0.579
195	99	0.579
195	103	0.6257
195	109	0.5377
195	125	0.579
195	130	0.6257
195	155	0.6257
195	163	0.579
195	172	0.6257
195	177	0.579
195	193	0.579
195	195	1
195	204	0.579
195	206	0.579
195	233	0.6257
195	258	0.579
195	262	0.579
195	263	0.6257
195	270	0.5377
196	3	0.579
196	18	0.8979
196	26	0.5377
196	33	0.6257
196	42	0.579
196	69	0.579
196	82	0.579
196	90	0.6792
196	98	0.579
196	138	0.579
196	140	0.579
196	147	0.6257
196	156	0.8979
196	157	0.6257
196	174	0.6257
196	196	1
196	208	0.6792
196	214	0.579
196	221	0.6257
196	239	0.6257
196	259	0.579
196	282	0.5377
196	297	0.501
197	3	0.579
197	26	0.5377
197	33	0.6257
197	63	0.579
197	69	0.579
197	82	0.6257
197	92	0.579
197	110	0.579
197	133	0.579
197	138	0.579
197	144	0.579
197	149	0.6257
197	157	0.579
197	197	1
197	211	0.579
197	224	0.579
197	229	0.6257
197	239	0.579
197	282	0.5377
197	283	0.579
197	284	0.5377
198	122	0.8129
198	136	0.579
198	169	0.579
198	179	0.579
198	198	1
198	201	0.579
198	206	0.6257
198	266	0.5377
198	277	0.579
198	287	0.579
198	298	0.7409
198	311	0.8129
199	6	0.579
199	14	0.6792
199	17	0.6257
199	21	0.8979
199	32	0.6257
199	36	0.8979
199	39	0.7409
199	43	0.7409
199	47	0.6257
199	51	0.6792
199	58	0.6257
199	64	0.8979
199	102	0.6792
199	114	0.8979
199	117	0.8979
199	131	0.8129
199	145	0.8979
199	150	0.6792
199	184	1
199	199	1
199	207	0.7409
199	210	0.6257
199	215	0.6792
199	228	0.579
199	253	0.6257
199	255	0.7409
199	281	0.579
199	286	0.8979
199	312	0.6792
200	8	0.7409
200	24	0.8129
200	45	0.6257
200	71	0.6792
200	84	0.579
200	96	0.8129
200	104	0.6792
200	107	0.579
200	110	0.6792
200	121	0.579
200	135	0.6257
200	137	0.6792
200	173	0.6257
200	176	0.579
200	177	0.6257
200	200	1
200	229	0.579
200	267	0.6257
200	268	0.6257
200	271	0.6257
200	276	0.6257
200	278	0.6792
200	294	0.7409
200	299	0.7409
200	306	0.7409
200	314	0.579
201	3	0.579
201	7	0.6257
201	27	0.6257
201	52	0.579
201	69	0.6792
201	83	0.579
201	98	0.579
201	125	0.579
201	127	0.579
201	140	0.579
201	157	0.579
201	158	0.579
201	162	0.579
201	198	0.579
201	201	1
201	206	0.579
201	218	0.6257
201	225	0.579
201	243	0.579
201	287	1
202	77	0.6257
202	126	0.579
202	127	0.579
202	202	1
202	238	0.5377
202	266	0.5377
202	279	0.579
203	9	0.579
203	65	0.579
203	70	0.579
203	73	0.6257
203	87	1
203	90	0.579
203	91	0.579
203	158	0.579
203	167	0.6257
203	175	0.6257
203	203	1
203	223	0.6257
203	231	0.8979
203	250	0.579
203	257	0.5377
203	258	0.579
203	297	0.5377
204	10	0.579
204	23	0.579
204	48	0.579
204	59	0.7409
204	65	0.579
204	75	0.6257
204	84	0.579
204	97	0.7409
204	99	0.5377
204	136	0.5377
204	141	0.6792
204	170	0.579
204	187	0.579
204	204	1
204	214	0.579
204	254	0.579
204	280	0.579
204	307	0.579
205	2	0.6792
205	13	0.579
205	39	0.6792
205	47	0.6792
205	58	0.6257
205	65	0.579
205	90	0.579
205	102	0.579
205	112	0.579
205	131	0.6257
205	147	0.579
205	169	0.579
205	183	0.579
205	189	0.579
205	205	1
205	221	0.6257
205	239	0.579
205	241	0.6257
205	256	0.579
205	265	0.6257
205	270	0.5377
205	289	0.579
205	305	0.579
205	312	0.6792
206	31	0.579
206	86	0.579
206	94	0.6257
206	109	0.5377
206	122	0.579
206	143	0.579
206	155	0.6257
206	158	0.579
206	165	0.6257
206	172	0.579
206	183	0.579
206	187	0.6257
206	198	0.6257
206	201	0.579
206	206	1
206	240	0.579
206	247	0.579
206	264	0.6257
206	287	0.579
206	291	0.579
206	298	0.6257
206	302	0.579
206	311	0.579
207	6	0.6257
207	14	0.7409
207	17	0.6257
207	21	0.8129
207	36	0.6792
207	39	0.6792
207	43	0.6792
207	47	0.6257
207	51	0.8129
207	58	0.6257
207	64	0.6792
207	102	0.6257
207	114	0.6792
207	117	0.8129
207	122	0.579
207	131	0.6792
207	145	0.7409
207	150	0.6792
207	151	0.579
207	169	0.579
207	184	0.7409
207	199	0.7409
207	207	1
207	215	0.6257
207	228	0.6257
207	253	0.6257
207	255	0.6257
207	279	0.579
207	281	0.6257
207	286	0.6792
207	312	0.6792
208	3	0.579
208	9	0.579
208	12	0.6257
208	18	0.7409
208	33	0.579
208	90	0.7409
208	108	0.579
208	112	0.579
208	139	0.579
208	147	0.6792
208	154	0.5377
208	156	0.6792
208	157	0.579
208	174	0.6792
208	196	0.6792
208	208	1
208	222	0.6257
208	238	0.5377
208	239	0.6257
208	249	0.579
208	284	0.6257
208	297	0.501
209	46	0.6257
209	49	0.6257
209	63	0.579
209	66	0.579
209	80	0.579
209	107	0.579
209	116	0.6257
209	132	0.579
209	144	0.6792
209	170	0.6257
209	209	1
209	213	0.579
209	254	0.6257
209	280	0.579
209	292	0.6257
209	310	0.6257
210	3	0.6257
210	32	0.8979
210	33	0.6257
210	39	0.6257
210	40	0.579
210	43	0.6792
210	82	0.6792
210	90	0.579
210	117	0.6257
210	122	0.579
210	151	0.6257
210	162	0.579
210	169	0.579
210	184	0.6257
210	199	0.6257
210	210	1
210	217	0.5377
210	225	0.5377
210	255	0.6257
211	33	0.579
211	82	0.579
211	133	1
211	197	0.579
211	211	1
211	239	0.579
212	5	0.579
212	9	0.579
212	12	0.579
212	13	0.6257
212	30	0.579
212	50	0.6257
212	56	0.6792
212	62	0.7409
212	85	0.7409
212	91	0.7409
212	100	0.579
212	101	0.6257
212	105	0.8129
212	108	0.579
212	128	0.7409
212	134	0.6257
212	153	0.7409
212	161	0.7409
212	171	0.6257
212	175	0.579
212	182	0.579
212	212	1
212	216	0.6257
212	220	0.7409
212	234	0.6257
212	251	0.6257
212	252	0.6792
212	256	0.579
212	257	0.501
212	274	0.6257
212	296	0.7409
212	297	0.501
213	2	0.579
213	63	0.579
213	72	0.5377
213	111	0.6257
213	116	0.6257
213	122	0.579
213	126	0.579
213	144	0.579
213	149	0.579
213	173	0.579
213	181	0.579
213	183	0.579
213	209	0.579
213	213	1
213	314	0.579
214	10	0.579
214	77	0.579
214	98	0.579
214	156	0.579
214	157	0.6257
214	179	0.579
214	187	0.579
214	196	0.579
214	204	0.579
214	214	1
214	218	0.579
214	221	0.6257
214	225	0.5377
214	238	0.5377
214	307	0.579
215	1	0.579
215	6	0.7409
215	14	0.8129
215	17	0.8979
215	21	0.6792
215	36	0.7409
215	64	0.7409
215	102	0.8979
215	114	0.7409
215	117	0.6257
215	131	0.6792
215	145	0.6792
215	150	0.8979
215	184	0.6792
215	199	0.6792
215	207	0.6257
215	215	1
215	228	0.7409
215	242	0.579
215	253	0.8979
215	281	0.7409
215	286	0.7409
216	5	0.579
216	7	0.6257
216	12	0.579
216	13	0.7409
216	50	0.6257
216	56	0.8979
216	99	0.5377
216	100	0.579
216	105	0.6257
216	128	0.8129
216	147	0.579
216	161	0.6257
216	171	0.8129
216	212	0.6257
216	216	1
216	234	0.8129
216	252	0.8979
216	256	0.6257
216	274	0.579
216	284	0.5377
216	296	0.579
217	3	0.579
217	33	0.579
217	38	0.579
217	79	0.579
217	112	0.6257
217	217	1
217	237	0.579
217	249	0.6792
218	10	0.579
218	23	0.579
218	83	0.579
218	98	0.579
218	125	0.579
218	127	0.579
218	133	0.5377
218	136	0.5377
218	157	0.579
218	187	0.579
218	201	0.6257
218	211	0.5377
218	214	0.579
218	218	1
218	225	0.5377
218	277	0.579
218	287	0.6257
218	301	0.579
219	9	0.579
219	16	0.579
219	25	0.579
219	28	0.6792
219	29	0.579
219	34	0.579
219	44	0.579
219	55	0.8979
219	57	0.579
219	76	0.6257
219	81	0.579
219	103	0.579
219	109	0.5377
219	124	0.6257
219	127	0.579
219	148	0.6257
219	155	0.6257
219	162	0.6257
219	166	0.579
219	168	0.579
219	185	0.5377
219	193	0.579
219	219	1
219	230	0.6257
219	233	0.579
219	236	0.6792
219	244	0.579
219	262	0.6257
219	263	0.6257
219	264	0.6257
219	270	0.5377
219	304	0.6792
219	315	0.6257
220	10	0.579
220	23	0.579
220	27	0.579
220	30	0.579
220	62	0.6792
220	79	0.579
220	85	0.6792
220	91	0.6257
220	105	0.6792
220	108	0.579
220	134	0.6257
220	153	0.7409
220	182	0.579
220	212	0.7409
220	220	1
220	243	0.579
220	257	0.501
220	274	0.579
220	295	0.6257
220	296	0.6257
220	297	0.501
220	307	0.579
221	3	0.6257
221	10	0.579
221	18	0.6257
221	33	0.6257
221	42	0.579
221	82	0.6257
221	90	0.6257
221	112	0.579
221	133	0.5377
221	136	0.5377
221	138	0.579
221	147	0.6257
221	156	0.579
221	157	0.579
221	179	0.579
221	187	0.579
221	196	0.6257
221	205	0.6257
221	208	0.579
221	211	0.5377
221	214	0.6257
221	221	1
221	222	0.6257
221	224	0.579
221	238	0.5377
221	239	0.6792
221	241	0.579
221	244	0.579
221	259	0.6257
221	307	0.579
222	3	0.6257
222	7	0.6257
222	12	0.6257
222	13	0.579
222	18	0.579
222	33	0.6257
222	42	0.579
222	50	0.6257
222	52	0.579
222	56	0.6257
222	62	0.6257
222	82	0.579
222	90	0.6257
222	128	0.6257
222	133	0.5377
222	134	0.579
222	138	0.579
222	147	0.6792
222	153	0.579
222	161	0.6257
222	179	0.579
222	182	0.579
222	186	0.579
222	208	0.6257
222	211	0.5377
222	216	0.579
222	217	0.579
222	220	0.579
222	221	0.6257
222	222	1
222	234	0.579
222	239	0.6792
222	241	0.579
222	249	0.579
222	252	0.6257
222	266	0.5377
222	284	0.579
222	296	0.579
223	3	0.579
223	22	0.579
223	25	0.579
223	26	0.5377
223	29	0.6257
223	31	0.579
223	42	0.6257
223	62	0.579
223	78	0.579
223	83	0.579
223	87	0.6257
223	91	0.579
223	124	0.6257
223	153	0.579
223	159	0.579
223	164	0.579
223	192	0.579
223	203	0.6257
223	217	0.5377
223	223	1
223	231	0.579
223	250	0.579
223	251	0.6257
223	257	0.501
223	258	0.579
223	282	0.5377
223	293	0.579
224	22	0.579
224	42	0.579
224	66	0.579
224	92	0.6257
224	138	0.579
224	149	0.6257
224	197	0.579
224	224	1
224	226	0.6792
224	239	0.6257
224	283	0.6257
224	305	0.579
225	27	0.579
225	72	0.5377
225	111	0.579
225	118	0.6792
225	201	0.579
225	225	1
225	287	0.579
225	291	0.5377
225	301	0.7409
226	82	0.579
226	185	0.579
226	224	0.6792
226	226	1
226	239	0.579
226	270	0.5377
226	284	0.5377
226	308	0.6257
227	26	0.5377
227	30	0.6257
227	32	0.6257
227	33	0.579
227	63	0.579
227	76	0.579
227	82	0.579
227	86	0.579
227	93	0.6257
227	122	0.579
227	124	0.579
227	146	0.579
227	149	0.6257
227	151	0.6792
227	164	0.579
227	188	1
227	189	0.579
227	192	0.579
227	226	0.579
227	227	1
227	229	0.579
227	237	0.6257
227	248	0.6257
227	282	0.5377
227	302	0.6257
227	311	0.579
228	6	1
228	14	0.8129
228	17	0.8129
228	36	0.6257
228	64	0.6257
228	102	0.7409
228	114	0.6257
228	150	0.7409
228	207	0.6257
228	215	0.7409
228	228	1
228	253	0.8129
228	281	0.8979
228	286	0.6257
229	96	0.6257
229	107	0.579
229	110	0.6257
229	133	0.5377
229	144	0.579
229	146	0.579
229	154	0.5377
229	157	0.579
229	165	0.579
229	173	0.579
229	197	0.6257
229	211	0.5377
229	229	1
229	280	0.579
229	284	0.5377
229	295	0.6257
229	307	0.579
230	3	0.579
230	25	0.579
230	29	0.6792
230	31	0.579
230	35	0.579
230	55	0.6257
230	69	0.579
230	83	0.579
230	88	0.579
230	125	0.579
230	138	0.579
230	148	0.6257
230	155	0.6257
230	162	0.579
230	166	0.6257
230	172	0.579
230	219	0.6257
230	230	1
230	239	0.579
230	260	0.6257
230	262	0.579
230	263	0.6257
230	293	0.6257
230	304	0.579
230	315	0.6257
231	9	0.579
231	65	0.579
231	70	0.579
231	87	0.8979
231	90	0.579
231	91	0.579
231	158	0.579
231	175	0.6257
231	203	0.8979
231	231	1
231	257	0.501
231	258	0.579
231	297	0.501
232	4	0.579
232	6	0.5377
232	59	0.6257
232	97	0.6257
232	141	0.6257
232	143	0.6257
232	170	0.579
232	228	0.5377
232	232	1
232	280	0.579
232	281	0.5377
233	11	0.579
233	28	0.6257
233	99	0.579
233	103	0.579
233	162	0.579
233	185	0.5377
233	195	0.6257
233	233	1
233	241	0.579
233	262	0.579
233	265	0.6257
233	270	0.579
233	300	0.6257
233	304	0.579
234	5	0.579
234	12	0.579
234	13	0.6257
234	50	0.579
234	56	0.8129
234	100	0.579
234	128	0.8129
234	147	0.579
234	171	0.8129
234	212	0.6257
234	216	0.8129
234	234	1
234	252	0.8129
234	256	0.6257
234	274	0.6257
234	307	0.579
235	20	0.6257
235	35	0.579
235	44	0.8979
235	53	0.6257
235	57	0.8979
235	60	0.8129
235	68	0.579
235	81	0.8129
235	88	0.579
235	89	0.6257
235	130	0.8129
235	142	0.579
235	143	0.579
235	168	0.8129
235	172	0.6257
235	193	0.8979
235	235	1
235	246	0.579
235	264	0.6257
235	288	0.7409
235	290	0.579
235	308	0.579
235	309	0.6792
235	315	0.6257
236	25	0.579
236	28	0.6257
236	29	0.6257
236	31	0.6257
236	55	0.6792
236	76	0.6257
236	80	0.579
236	83	0.6257
236	109	0.5377
236	124	0.6792
236	125	0.579
236	148	0.6257
236	155	0.6257
236	159	0.579
236	162	0.579
236	165	0.579
236	172	0.579
236	185	0.5377
236	206	0.579
236	219	0.6792
236	236	1
236	251	0.6257
236	262	0.6792
236	291	0.5377
236	308	0.579
236	315	0.6257
237	15	0.579
237	38	0.6257
237	76	0.579
237	120	0.579
237	149	0.579
237	151	0.579
237	179	0.579
237	188	0.6257
237	217	0.579
237	227	0.6257
237	237	1
237	245	0.579
237	257	0.501
237	280	0.579
237	307	0.579
238	48	0.579
238	118	0.6257
238	238	1
239	3	0.6257
239	18	0.6792
239	33	0.6792
239	52	0.579
239	82	0.6257
239	90	0.6792
239	133	0.579
239	134	0.579
239	138	0.7409
239	147	0.7409
239	156	0.6257
239	157	0.579
239	196	0.6257
239	197	0.579
239	208	0.6257
239	211	0.579
239	221	0.6792
239	222	0.6792
239	224	0.6257
239	226	0.579
239	238	0.5377
239	239	1
239	259	0.579
239	283	0.579
239	284	0.579
240	29	0.579
240	31	0.579
240	70	0.5377
240	95	0.579
240	109	0.6792
240	111	0.579
240	141	0.579
240	172	0.579
240	206	0.579
240	240	1
240	248	0.579
240	277	0.579
240	310	0.6257
241	136	0.5377
241	147	0.579
241	183	0.579
241	205	0.6257
241	233	0.579
241	238	0.5377
241	241	1
241	272	0.579
241	305	0.579
242	6	0.5377
242	14	0.579
242	17	0.579
242	150	0.579
242	154	0.6257
242	180	0.579
242	191	0.5377
242	215	0.579
242	228	0.5377
242	238	0.5377
242	242	1
242	253	0.579
242	257	0.501
242	280	0.579
242	281	0.579
243	8	0.579
243	27	0.6257
243	69	0.6257
243	71	0.6257
243	72	0.5377
243	98	0.579
243	110	0.579
243	137	0.6257
243	140	0.6257
243	146	0.579
243	189	0.579
243	201	0.579
243	220	0.579
243	243	1
243	259	0.579
243	276	0.579
243	287	0.579
243	291	0.5377
243	305	0.579
243	307	0.579
244	9	0.579
244	10	0.579
244	15	0.6792
244	16	0.6792
244	22	0.579
244	23	0.579
244	112	0.579
244	119	0.579
244	120	0.6792
244	136	0.579
244	183	0.579
244	244	1
244	304	0.579
245	25	0.579
245	77	0.579
245	113	0.6257
245	126	0.579
245	144	0.579
245	225	0.5377
245	237	0.579
245	245	1
245	246	0.579
245	280	0.579
245	293	0.6257
245	314	0.579
246	4	0.579
246	25	0.579
246	44	0.579
246	48	0.579
246	54	0.579
246	57	0.579
246	66	0.6792
246	80	0.579
246	107	0.579
246	130	0.579
246	143	0.6257
246	158	0.579
246	191	0.579
246	192	0.579
246	193	0.579
246	245	0.579
246	246	1
246	269	0.6257
246	292	0.6257
246	308	0.579
246	309	0.6257
246	314	0.7409
246	315	0.6257
247	31	0.579
247	48	0.6257
247	66	0.579
247	80	0.579
247	143	0.6257
247	165	0.579
247	170	0.579
247	206	0.579
247	247	1
247	257	0.501
247	280	0.579
247	293	0.579
247	314	0.579
248	11	0.579
248	83	0.579
248	93	0.6257
248	95	0.579
248	109	0.5377
248	111	0.6257
248	125	0.6257
248	151	0.579
248	163	0.579
248	164	0.579
248	165	0.579
248	188	0.6257
248	225	0.5377
248	227	0.6257
248	240	0.579
248	248	1
248	265	0.579
248	291	0.5377
248	300	0.579
248	302	0.579
249	3	0.579
249	9	0.579
249	50	0.579
249	63	0.579
249	79	0.579
249	90	0.579
249	108	0.6257
249	112	0.6257
249	139	0.579
249	153	0.579
249	208	0.579
249	217	0.6792
249	238	0.5377
249	249	1
249	257	0.501
249	274	0.579
250	26	0.5377
250	27	0.6257
250	54	0.579
250	79	0.579
250	87	0.579
250	103	0.579
250	121	0.6792
250	129	0.579
250	158	0.6257
250	203	0.579
250	225	0.5377
250	250	1
250	272	0.579
250	282	0.5377
250	294	0.6257
251	42	0.579
251	53	0.579
251	56	0.579
251	85	0.579
251	89	0.579
251	91	0.6792
251	105	0.6257
251	124	0.579
251	159	0.579
251	161	0.6257
251	182	0.579
251	212	0.6257
251	223	0.6257
251	236	0.6257
251	251	1
251	252	0.579
251	260	0.6257
251	269	0.579
252	5	0.579
252	7	0.6257
252	12	0.6257
252	13	0.7409
252	42	0.579
252	50	0.6257
252	56	1
252	62	0.579
252	85	0.579
252	91	0.579
252	100	0.579
252	105	0.6792
252	128	0.8979
252	147	0.579
252	161	0.6792
252	171	0.8129
252	182	0.579
252	212	0.6792
252	216	0.8979
252	222	0.6257
252	234	0.8129
252	251	0.579
252	252	1
252	256	0.6257
252	274	0.579
252	285	0.579
252	296	0.6257
253	6	0.8129
253	14	0.8129
253	17	1
253	21	0.6257
253	36	0.6792
253	64	0.6792
253	102	0.8129
253	114	0.6792
253	117	0.6257
253	131	0.6257
253	145	0.6257
253	150	0.8979
253	184	0.6257
253	199	0.6257
253	207	0.6257
253	215	0.8979
253	228	0.8129
253	242	0.579
253	253	1
253	281	0.8129
253	286	0.6792
254	84	0.579
254	99	0.6792
254	132	0.579
254	144	0.579
254	170	0.6257
254	192	0.579
254	204	0.579
254	209	0.6257
254	254	1
254	267	0.579
254	292	0.6257
254	293	0.579
254	299	0.6257
255	14	0.579
255	15	0.579
255	21	0.6792
255	32	0.6257
255	36	0.6792
255	39	0.7409
255	43	0.7409
255	47	0.6257
255	51	0.6792
255	58	0.6792
255	64	0.6792
255	82	0.579
255	102	0.579
255	114	0.6792
255	117	0.6792
255	120	0.579
255	131	0.6792
255	145	0.6792
255	150	0.579
255	151	0.6257
255	169	0.6257
255	184	0.7409
255	199	0.7409
255	207	0.6257
255	210	0.6257
255	215	0.579
255	255	1
255	279	0.579
255	286	0.6792
255	303	0.579
255	312	0.6792
256	2	0.6257
256	5	0.579
256	13	0.579
256	23	0.6257
256	56	0.6257
256	100	0.579
256	119	0.579
256	136	0.5377
256	171	0.6792
256	185	0.5377
256	216	0.6257
256	234	0.6257
256	252	0.6257
256	256	1
256	269	0.579
256	270	0.5377
256	289	0.579
256	296	0.579
257	70	0.579
257	154	0.6257
257	257	1
257	297	0.8979
258	1	0.579
258	22	0.579
258	35	0.6257
258	53	0.579
258	61	0.6257
258	65	0.579
258	68	0.6257
258	87	0.579
258	88	0.6257
258	89	0.579
258	99	0.579
258	103	0.579
258	140	0.579
258	142	0.6257
258	158	0.579
258	190	0.6257
258	203	0.579
258	231	0.579
258	258	1
258	290	0.6257
259	18	0.579
259	37	0.6257
259	69	0.579
259	90	0.579
259	126	0.579
259	138	0.579
259	143	0.579
259	144	0.579
259	154	0.5377
259	191	0.5377
259	196	0.579
259	221	0.6257
259	239	0.579
259	243	0.579
259	259	1
259	261	0.6257
260	5	0.579
260	13	0.579
260	29	0.579
260	56	0.579
260	62	0.579
260	85	0.579
260	91	0.579
260	100	0.579
260	123	0.6257
260	148	0.6257
260	155	0.6792
260	158	0.579
260	161	0.6257
260	175	0.579
260	185	0.5377
260	187	0.579
260	201	0.579
260	218	0.579
260	230	0.6257
260	251	0.6257
260	252	0.579
260	260	1
260	262	0.6792
260	269	0.579
260	287	0.579
260	296	0.6257
261	10	0.579
261	37	0.8979
261	46	0.579
261	49	0.579
261	67	0.7409
261	74	0.6257
261	101	0.6257
261	104	0.8129
261	107	0.579
261	116	0.579
261	132	0.579
261	135	0.6792
261	143	0.6257
261	144	0.579
261	170	0.579
261	173	0.579
261	209	0.579
261	232	0.579
261	254	0.579
261	259	0.6257
261	261	1
261	268	0.6792
261	274	0.579
261	276	0.579
261	289	0.6792
261	307	0.579
262	11	0.579
262	28	0.6792
262	55	0.6257
262	76	0.579
262	99	0.5377
262	109	0.5377
262	125	0.579
262	148	0.6257
262	155	0.6257
262	185	0.5377
262	219	0.6257
262	233	0.579
262	236	0.6792
262	238	0.5377
262	260	0.6792
262	262	1
262	264	0.6257
263	19	0.6792
263	28	0.6257
263	29	0.6257
263	35	0.579
263	48	0.579
263	55	0.6257
263	61	0.6257
263	68	0.579
263	88	0.579
263	109	0.579
263	123	0.6257
263	124	0.579
263	130	0.579
263	138	0.579
263	142	0.579
263	146	0.6257
263	155	0.6257
263	158	0.579
263	166	0.579
263	177	0.579
263	187	0.579
263	190	0.6257
263	191	0.5377
263	194	0.6792
263	195	0.6257
263	204	0.579
263	219	0.6257
263	230	0.6257
263	240	0.579
263	246	0.579
263	258	0.579
263	263	1
263	264	0.6257
263	290	0.579
263	293	0.579
263	304	0.579
263	313	0.6257
263	314	0.579
263	315	0.6792
264	20	0.6257
264	22	0.579
264	44	0.6257
264	53	0.579
264	55	0.6257
264	57	0.6257
264	60	0.579
264	61	0.579
264	81	0.579
264	89	0.579
264	94	0.6257
264	109	0.6257
264	124	0.579
264	130	0.579
264	143	0.579
264	148	0.6257
264	155	0.6792
264	165	0.579
264	168	0.579
264	187	0.6257
264	190	0.579
264	193	0.6257
264	206	0.6257
264	219	0.6257
264	226	0.579
264	235	0.6257
264	240	0.579
264	262	0.6257
264	263	0.6257
264	264	1
264	285	0.579
264	291	0.5377
264	314	0.579
264	315	0.6792
265	11	0.579
265	34	0.579
265	41	0.579
265	54	0.579
265	162	0.579
265	185	0.5377
265	186	0.579
265	205	0.6257
265	233	0.6257
265	248	0.579
265	265	1
265	270	0.579
265	273	0.579
265	284	0.5377
265	300	0.8129
266	92	0.579
266	266	1
266	279	0.6257
267	8	0.6257
267	12	0.579
267	24	0.6257
267	45	0.6792
267	84	0.579
267	96	0.6792
267	110	0.6792
267	137	0.6257
267	154	0.5377
267	176	0.6257
267	177	0.6792
267	191	0.5377
267	200	0.6257
267	254	0.579
267	267	1
267	271	0.6792
267	276	0.6257
267	278	0.7409
267	294	0.6792
267	299	0.7409
267	306	0.7409
268	8	0.579
268	24	0.579
268	37	0.6792
268	46	0.579
268	48	0.579
268	49	0.579
268	71	0.6792
268	74	0.6257
268	104	0.6257
268	107	0.6257
268	116	0.6792
268	135	1
268	137	0.6257
268	143	0.579
268	144	0.579
268	173	0.8129
268	200	0.6257
268	209	0.579
268	213	0.579
268	229	0.579
268	243	0.579
268	261	0.6792
268	268	1
268	276	0.579
268	280	0.579
268	289	0.6257
268	293	0.579
269	13	0.579
269	23	0.579
269	53	0.579
269	89	0.579
269	99	0.5377
269	107	0.579
269	185	0.5377
269	191	0.5377
269	246	0.6257
269	251	0.579
269	256	0.579
269	269	1
269	285	0.6257
269	308	0.6257
269	309	0.6257
269	314	0.579
270	34	0.7409
270	41	0.6257
270	48	0.579
270	103	0.579
270	162	0.579
270	185	0.6257
270	186	0.579
270	233	0.579
270	265	0.579
270	270	1
270	300	0.6257
271	8	0.579
271	11	0.579
271	24	0.579
271	45	0.579
271	48	0.579
271	59	0.579
271	84	0.6792
271	96	0.6257
271	97	0.579
271	109	0.5377
271	110	0.6257
271	137	0.6257
271	140	0.6257
271	141	0.579
271	163	0.579
271	176	0.6257
271	177	0.7409
271	186	0.579
271	191	0.5377
271	200	0.6257
271	204	0.579
271	254	0.579
271	267	0.6792
271	271	1
271	276	0.579
271	278	0.6257
271	294	0.7409
271	299	0.6257
271	306	0.6257
272	45	0.579
272	99	0.5377
272	140	0.6257
272	163	0.6257
272	178	0.8129
272	238	0.5377
272	241	0.579
272	250	0.579
272	272	1
272	278	0.579
272	299	0.579
273	54	0.6257
273	140	0.579
273	265	0.579
273	273	1
273	289	0.579
274	5	0.7409
274	9	0.579
274	46	0.579
274	49	0.579
274	50	0.579
274	56	0.579
274	63	0.6257
274	73	0.6257
274	79	0.579
274	100	0.7409
274	108	0.6257
274	128	0.6257
274	139	0.6792
274	166	0.579
274	171	0.579
274	182	0.579
274	212	0.6257
274	216	0.579
274	220	0.579
274	234	0.6257
274	249	0.579
274	252	0.579
274	274	1
274	307	0.6257
275	11	0.579
275	103	0.6257
275	158	0.579
275	275	1
276	8	0.6257
276	19	0.6257
276	24	0.6257
276	45	0.6792
276	84	0.579
276	106	0.6257
276	110	0.6257
276	137	0.6257
276	140	0.579
276	177	0.6257
276	178	0.579
276	200	0.6257
276	243	0.579
276	267	0.6257
276	276	1
276	278	0.7409
276	289	0.6257
276	294	0.6257
276	299	0.6257
276	306	0.7409
277	29	0.579
277	83	0.579
277	122	0.579
277	198	0.579
277	218	0.579
277	240	0.579
277	277	1
278	8	0.7409
278	24	0.7409
278	45	0.7409
278	84	0.579
278	96	0.6792
278	110	0.6792
278	121	0.579
278	163	0.579
278	164	0.579
278	177	0.6792
278	178	0.6257
278	200	0.6792
278	267	0.7409
278	271	0.6257
278	272	0.579
278	276	0.7409
278	278	1
278	289	0.579
278	294	0.7409
278	299	0.7409
278	306	0.8129
279	2	0.579
279	6	0.5377
279	22	0.579
279	40	0.579
279	51	0.6257
279	66	0.579
279	99	0.5377
279	122	0.6257
279	133	0.5377
279	169	0.579
279	202	0.579
279	211	0.5377
279	228	0.5377
279	266	0.6257
279	279	1
279	281	0.5377
280	38	0.579
280	46	0.6792
280	49	0.6792
280	80	0.6257
280	107	0.579
280	170	0.6792
280	176	0.579
280	180	0.579
280	204	0.579
280	209	0.579
280	229	0.579
280	232	0.579
280	237	0.579
280	242	0.579
280	245	0.579
280	247	0.579
280	280	1
280	293	0.579
281	6	0.8979
281	14	0.8129
281	17	0.8129
281	36	0.6257
281	64	0.6257
281	102	0.7409
281	114	0.6257
281	150	0.7409
281	207	0.6257
281	215	0.7409
281	228	0.8979
281	242	0.579
281	253	0.8129
281	281	1
281	286	0.6257
282	26	1
282	121	0.579
282	160	0.6257
282	282	1
283	26	0.5377
283	92	0.579
283	133	0.5377
283	147	0.579
283	149	0.6792
283	186	0.579
283	192	0.579
283	197	0.579
283	211	0.5377
283	224	0.6257
283	239	0.579
283	282	0.5377
283	283	1
283	284	0.579
283	291	0.5377
284	5	0.579
284	100	0.579
284	147	0.6257
284	154	0.5377
284	185	0.5377
284	208	0.6257
284	239	0.579
284	283	0.579
284	284	1
285	13	0.579
285	42	0.6257
285	53	0.579
285	56	0.579
285	89	0.579
285	175	0.579
285	252	0.579
285	269	0.6257
285	285	1
286	6	0.6257
286	14	0.7409
286	17	0.6792
286	21	0.8129
286	36	1
286	39	0.6792
286	43	0.6792
286	51	0.6257
286	64	1
286	102	0.7409
286	114	1
286	117	0.8129
286	131	0.8129
286	145	0.8129
286	150	0.6792
286	184	0.8979
286	199	0.8979
286	207	0.6792
286	215	0.7409
286	228	0.6257
286	253	0.6792
286	255	0.6792
286	281	0.6257
286	286	1
286	312	0.6257
287	3	0.579
287	7	0.6257
287	27	0.6257
287	52	0.579
287	69	0.6792
287	83	0.579
287	98	0.579
287	125	0.579
287	127	0.579
287	140	0.579
287	157	0.579
287	158	0.579
287	162	0.579
287	198	0.579
287	201	1
287	206	0.579
287	218	0.6257
287	225	0.579
287	243	0.579
287	287	1
288	4	0.579
288	22	0.579
288	25	0.579
288	29	0.579
288	35	0.6257
288	44	0.7409
288	53	0.6792
288	55	0.6257
288	57	0.7409
288	60	0.6792
288	61	0.6257
288	68	0.6257
288	80	0.579
288	81	0.6792
288	88	0.6257
288	89	0.6792
288	94	0.6792
288	123	0.6257
288	124	0.579
288	130	0.6792
288	142	0.6257
288	143	0.579
288	148	0.6792
288	155	0.6257
288	167	0.6257
288	168	0.6792
288	190	0.6257
288	193	0.7409
288	194	0.6257
288	219	0.6257
288	235	0.7409
288	246	0.6257
288	258	0.579
288	260	0.6257
288	262	0.6257
288	264	0.6257
288	269	0.579
288	288	1
288	290	0.6257
288	304	0.579
288	308	0.6792
288	309	0.8979
288	313	0.6792
288	315	0.6257
289	37	0.6792
289	48	0.6792
289	67	0.579
289	71	0.6257
289	74	0.7409
289	104	0.6257
289	135	0.6257
289	173	0.579
289	256	0.579
289	261	0.6792
289	268	0.6257
289	270	0.5377
289	273	0.579
289	276	0.6257
289	278	0.579
289	289	1
290	35	0.8979
290	44	0.579
290	53	0.6257
290	57	0.579
290	61	0.7409
290	68	1
290	88	0.8979
290	89	0.6257
290	130	0.579
290	142	1
290	190	0.7409
290	193	0.579
290	194	0.6792
290	258	0.6257
290	290	1
291	72	0.5377
291	159	0.579
291	206	0.579
291	225	0.5377
291	291	1
292	8	0.579
292	24	0.579
292	26	0.5377
292	38	0.6257
292	46	0.6257
292	49	0.6257
292	63	0.579
292	66	0.6792
292	75	0.6257
292	80	0.6257
292	84	0.579
292	107	0.579
292	110	0.579
292	132	0.579
292	140	0.579
292	144	0.579
292	146	0.579
292	163	0.579
292	164	0.579
292	173	0.579
292	192	0.8129
292	197	0.579
292	209	0.6257
292	229	0.579
292	246	0.6257
292	254	0.6257
292	280	0.579
292	282	0.5377
292	292	1
292	293	0.6257
292	299	0.579
293	25	0.6257
293	29	0.579
293	61	0.579
293	116	0.579
293	126	0.579
293	132	0.579
293	144	0.579
293	166	0.579
293	173	0.579
293	190	0.579
293	192	0.579
293	230	0.6257
293	245	0.6257
293	247	0.579
293	254	0.579
293	280	0.579
293	292	0.6257
293	293	1
294	8	0.6792
294	24	0.6792
294	26	0.5377
294	45	0.6792
294	59	0.579
294	71	0.6257
294	84	0.6257
294	96	0.8129
294	97	0.579
294	110	0.7409
294	121	0.6257
294	137	0.6257
294	141	0.579
294	160	0.579
294	163	0.579
294	176	0.579
294	177	0.6792
294	178	0.579
294	200	0.7409
294	204	0.579
294	229	0.579
294	250	0.6257
294	254	0.579
294	267	0.6792
294	271	0.7409
294	272	0.579
294	276	0.6257
294	278	0.7409
294	282	0.5377
294	294	1
294	299	0.7409
294	306	0.6792
295	12	0.579
295	46	0.579
295	49	0.579
295	62	0.579
295	63	0.579
295	69	0.579
295	85	0.579
295	91	0.579
295	106	0.6257
295	107	0.6257
295	110	0.6257
295	137	0.6257
295	153	0.6257
295	154	0.6257
295	165	0.579
295	173	0.579
295	180	0.579
295	182	0.6792
295	191	0.579
295	220	0.6257
295	229	0.6257
295	242	0.579
295	243	0.579
295	251	0.579
295	259	0.579
295	267	0.579
295	274	0.579
295	280	0.579
295	295	1
295	307	0.579
296	13	0.6257
296	50	0.6257
296	56	0.6257
296	62	0.8129
296	85	0.8129
296	91	0.6257
296	105	0.6792
296	108	0.579
296	128	0.6257
296	134	0.6792
296	153	0.6792
296	161	0.6792
296	171	0.579
296	175	0.579
296	185	0.5377
296	212	0.7409
296	216	0.579
296	220	0.6257
296	252	0.6257
296	256	0.579
296	260	0.6257
296	296	1
297	70	0.579
297	154	0.579
297	257	0.8979
297	297	1
298	83	0.579
298	122	0.6792
298	125	0.579
298	169	0.579
298	198	0.7409
298	206	0.6257
298	291	0.5377
298	298	1
298	302	0.579
298	303	0.579
298	311	0.8129
299	8	0.6792
299	24	0.7409
299	45	0.7409
299	46	0.579
299	49	0.579
299	80	0.579
299	84	0.6257
299	96	0.8129
299	110	0.6792
299	137	0.6257
299	163	0.579
299	176	0.579
299	177	0.6792
299	178	0.6257
299	200	0.7409
299	254	0.6257
299	267	0.7409
299	271	0.6257
299	272	0.579
299	276	0.6257
299	278	0.7409
299	294	0.7409
299	299	1
299	306	0.8129
300	11	0.579
300	34	0.6257
300	41	0.579
300	125	0.579
300	162	0.6257
300	185	0.579
300	233	0.6257
300	248	0.579
300	265	0.8129
300	270	0.6257
300	300	1
301	67	0.6257
301	118	0.6792
301	119	0.579
301	121	0.579
301	125	0.579
301	129	0.579
301	181	0.579
301	218	0.579
301	225	0.7409
301	301	1
302	2	0.579
302	26	0.5377
302	30	0.579
302	70	0.5377
302	83	0.579
302	93	0.6257
302	121	0.579
302	122	0.579
302	129	0.579
302	164	0.6257
302	181	0.579
302	183	0.579
302	188	0.6257
302	206	0.579
302	227	0.6257
302	248	0.579
302	257	0.501
302	282	0.5377
302	297	0.501
302	298	0.579
302	302	1
302	311	0.6257
303	6	0.5377
303	169	0.6257
303	228	0.5377
303	298	0.579
303	303	1
304	9	0.579
304	11	0.579
304	55	0.6792
304	81	0.579
304	106	0.6257
304	115	0.579
304	136	0.5377
304	138	0.579
304	146	0.579
304	166	0.579
304	168	0.579
304	219	0.6792
304	233	0.579
304	244	0.579
304	304	1
305	138	0.6257
305	140	0.579
305	151	0.579
305	169	0.579
305	189	0.579
305	224	0.579
305	241	0.579
305	243	0.579
305	305	1
306	8	0.7409
306	24	0.8129
306	45	0.7409
306	96	0.7409
306	106	0.6257
306	110	0.7409
306	121	0.579
306	137	0.6257
306	176	0.579
306	177	0.7409
306	178	0.579
306	200	0.7409
306	267	0.7409
306	271	0.6257
306	276	0.7409
306	278	0.8129
306	294	0.6792
306	299	0.8129
306	306	1
307	10	0.6257
307	63	0.579
307	72	0.5377
307	84	0.579
307	144	0.579
307	149	0.579
307	166	0.579
307	171	0.579
307	179	0.7409
307	204	0.579
307	214	0.579
307	220	0.579
307	229	0.579
307	234	0.579
307	237	0.579
307	243	0.579
307	266	0.5377
307	274	0.6257
307	307	1
308	4	0.6257
308	25	0.6257
308	44	0.579
308	53	0.6257
308	54	0.579
308	57	0.579
308	60	0.579
308	81	0.579
308	89	0.6257
308	103	0.579
308	130	0.579
308	168	0.579
308	185	0.579
308	193	0.579
308	226	0.6257
308	246	0.579
308	269	0.6257
308	270	0.5377
308	288	0.6792
308	308	1
308	309	0.7409
309	4	0.6257
309	25	0.579
309	35	0.579
309	44	0.6792
309	53	0.6792
309	57	0.6792
309	60	0.6792
309	61	0.579
309	68	0.579
309	81	0.6792
309	88	0.579
309	89	0.6792
309	94	0.6257
309	130	0.6257
309	142	0.579
309	148	0.6257
309	168	0.6792
309	185	0.5377
309	190	0.579
309	193	0.6792
309	235	0.6792
309	246	0.6257
309	262	0.579
309	269	0.6257
309	270	0.5377
309	288	0.8979
309	290	0.579
309	304	0.579
309	308	0.7409
309	309	1
309	313	0.6257
309	315	0.6257
310	31	0.579
310	75	0.6257
310	104	0.6257
310	107	0.579
310	109	0.5377
310	111	0.579
310	112	0.579
310	116	0.6257
310	126	0.6257
310	132	0.579
310	141	0.6257
310	143	0.579
310	144	0.6257
310	154	0.5377
310	166	0.579
310	170	0.579
310	173	0.579
310	180	0.579
310	191	0.5377
310	209	0.6257
310	213	0.579
310	240	0.6257
310	246	0.579
310	247	0.579
310	259	0.579
310	280	0.579
310	293	0.579
310	310	1
310	314	0.6257
311	30	0.579
311	62	0.579
311	69	0.579
311	83	0.579
311	85	0.579
311	122	0.8129
311	125	0.579
311	136	0.5377
311	198	0.8129
311	206	0.579
311	298	0.8129
311	302	0.6257
311	311	1
312	2	0.579
312	14	0.579
312	21	0.6792
312	36	0.6257
312	39	0.8979
312	43	0.6257
312	47	0.8129
312	51	0.6792
312	58	0.6792
312	64	0.6257
312	72	0.5377
312	102	0.579
312	114	0.6257
312	117	0.6257
312	129	0.579
312	131	0.6257
312	145	0.6792
312	150	0.579
312	151	0.579
312	169	0.6257
312	181	0.579
312	184	0.6792
312	189	0.579
312	199	0.6792
312	205	0.6792
312	207	0.6792
312	215	0.579
312	255	0.6792
312	286	0.6257
312	312	1
313	22	0.6257
313	25	0.579
313	29	0.6257
313	61	0.579
313	66	0.579
313	80	0.579
313	94	0.8979
313	123	0.6257
313	124	0.579
313	132	0.579
313	143	0.579
313	146	0.579
313	148	0.6257
313	165	0.579
313	183	0.6257
313	187	0.579
313	190	0.579
313	192	0.579
313	194	0.6257
313	206	0.579
313	262	0.579
313	263	0.6257
313	288	0.6792
313	293	0.579
313	308	0.579
313	309	0.6257
313	313	1
314	48	0.579
314	61	0.579
314	66	0.579
314	101	0.6257
314	107	0.579
314	109	0.5377
314	126	0.579
314	143	0.6792
314	187	0.579
314	190	0.579
314	191	0.6257
314	213	0.579
314	225	0.5377
314	245	0.579
314	246	0.7409
314	247	0.579
314	269	0.579
314	310	0.6257
314	314	1
315	22	0.579
315	25	0.579
315	29	0.6792
315	31	0.579
315	35	0.579
315	44	0.579
315	53	0.579
315	55	0.6257
315	57	0.579
315	61	0.579
315	66	0.579
315	68	0.579
315	83	0.579
315	88	0.579
315	89	0.579
315	109	0.5377
315	123	0.6257
315	124	0.6257
315	130	0.579
315	142	0.579
315	155	0.6257
315	158	0.6257
315	159	0.579
315	162	0.579
315	172	0.579
315	187	0.579
315	190	0.579
315	193	0.579
315	194	0.6257
315	219	0.6257
315	230	0.6257
315	235	0.6257
315	236	0.6257
315	246	0.6257
315	251	0.579
315	263	0.6792
315	264	0.6792
315	269	0.579
315	277	0.579
315	290	0.579
315	308	0.579
315	309	0.6257
315	314	0.579
315	315	1
