1	1	1
1	2	0.6369
1	9	0.6021
1	35	0.6109
1	38	0.6118
1	39	0.5671
1	58	0.6307
1	61	0.601
1	72	0.7947
1	84	0.6063
1	85	0.6677
1	88	0.5992
1	103	0.6456
1	138	0.5909
1	142	0.6511
1	152	0.6397
1	155	0.603
1	156	0.5883
1	161	0.5958
1	168	0.5979
1	179	0.6027
1	181	0.5617
1	182	0.6483
1	197	0.6433
1	218	0.676
1	222	0.6176
1	224	0.6027
1	229	0.5406
1	240	0.5804
1	241	0.6245
1	243	0.6402
1	244	0.6091
1	245	0.5979
1	250	0.6243
2	1	0.6369
2	2	1
2	4	0.6539
2	21	0.6132
2	34	0.6671
2	36	0.6527
2	38	0.611
2	39	0.588
2	40	0.6054
2	41	0.6164
2	48	0.7016
2	49	0.6455
2	50	0.6816
2	51	0.6539
2	52	0.6089
2	54	0.6954
2	56	0.6081
2	58	0.6208
2	65	0.5944
2	66	0.6476
2	71	0.5711
2	72	0.6262
2	78	0.6369
2	82	0.823
2	83	0.823
2	105	0.6363
2	106	0.61
2	121	0.6382
2	127	0.6743
2	138	0.5781
2	143	0.5992
2	144	0.5924
2	153	0.5768
2	157	0.5766
2	161	0.5984
2	164	0.6526
2	165	0.612
2	168	0.7994
2	170	0.6021
2	177	0.6043
2	178	0.6211
2	180	0.6826
2	181	0.5551
2	182	0.6218
2	184	0.6616
2	199	0.6255
2	211	0.767
2	217	0.5976
2	218	0.6841
2	219	0.6399
2	220	0.5754
2	221	0.6899
2	222	0.6137
2	224	0.5974
2	226	0.6279
2	227	0.5362
2	229	0.5406
2	238	0.6539
2	239	0.5746
2	240	0.5956
2	245	0.7994
2	249	0.6325
2	250	0.7994
3	3	1
3	5	0.6181
3	15	0.6272
3	19	0.6149
3	26	0.6489
3	34	0.6503
3	43	0.7072
3	51	0.5837
3	97	0.6336
3	108	0.6692
3	109	0.6692
3	110	0.6692
3	111	0.7356
3	112	0.6692
3	116	0.6692
3	117	0.6692
3	118	0.6692
3	121	0.596
3	135	0.6828
3	139	0.61
3	155	0.6141
3	160	0.6039
3	167	0.6233
3	180	0.5966
3	201	0.6028
3	203	0.6028
3	207	0.6583
3	208	0.6438
3	209	0.6583
3	210	0.6028
3	211	0.6284
3	213	0.7243
3	221	0.6102
3	238	0.5438
3	242	0.6272
3	249	0.605
3	250	0.5853
4	2	0.6539
4	4	1
4	51	0.706
4	121	0.6389
4	147	0.563
4	168	0.562
4	180	0.6403
4	238	0.706
5	5	1
5	155	0.6177
5	167	0.618
5	227	0.556
5	238	0.5438
6	6	1
6	86	0.5673
6	148	0.5906
6	149	0.5906
6	170	0.5659
6	243	0.7007
7	6	0.571
7	7	1
7	8	0.8341
7	9	0.5899
7	10	0.7376
7	11	0.8134
7	12	0.8134
7	13	0.6905
7	18	0.645
7	19	0.6421
7	23	0.61
7	24	0.6882
7	25	0.6882
7	26	0.6918
7	27	0.6645
7	28	0.6918
7	29	0.6896
7	31	0.6573
7	42	0.6201
7	43	0.7164
7	44	0.6882
7	45	0.7164
7	47	0.6668
7	53	0.6384
7	67	0.6528
7	68	0.6926
7	71	0.5781
7	74	0.6338
7	75	0.6749
7	76	0.6338
7	87	0.6882
7	89	0.682
7	90	0.6882
7	91	0.6882
7	92	0.6374
7	93	0.7164
7	94	0.6125
7	95	0.6882
7	96	0.6882
7	105	0.6114
7	124	0.6143
7	132	0.6386
7	133	0.6386
7	138	0.603
7	140	0.6386
7	148	0.6346
7	149	0.634
7	150	0.6263
7	151	0.6075
7	152	0.6524
7	153	0.5907
7	156	0.5926
7	159	0.5546
7	162	0.5628
7	176	0.6386
7	183	0.6396
7	215	0.6574
7	243	0.6365
7	248	0.6528
8	7	0.8341
8	8	1
8	10	0.7364
8	11	0.8134
8	12	0.8134
8	13	0.6905
8	18	0.657
8	19	0.6269
8	22	0.5878
8	24	0.7066
8	25	0.7066
8	26	0.6766
8	27	0.6645
8	28	0.6766
8	29	0.6896
8	31	0.6573
8	43	0.7164
8	44	0.7066
8	45	0.7164
8	47	0.6668
8	53	0.6384
8	67	0.6528
8	68	0.6926
8	74	0.6338
8	75	0.6749
8	76	0.6338
8	87	0.7011
8	89	0.6645
8	90	0.7011
8	91	0.7011
8	92	0.6556
8	93	0.7164
8	94	0.6307
8	95	0.7011
8	96	0.7011
8	132	0.6516
8	133	0.6516
8	140	0.657
8	142	0.6555
8	176	0.6516
8	183	0.6396
8	215	0.6574
8	248	0.6528
9	1	0.6021
9	6	0.5473
9	9	1
9	37	0.6142
9	61	0.5856
9	71	0.5763
9	72	0.605
9	74	0.6046
9	85	0.5948
9	86	0.5731
9	121	0.5962
9	138	0.5822
9	153	0.5966
9	166	0.584
9	170	0.5647
9	181	0.5476
9	227	0.5439
9	228	0.5756
9	229	0.5763
9	243	0.6838
9	244	0.5826
10	6	0.571
10	7	0.7376
10	8	0.7364
10	10	1
10	11	0.7376
10	12	0.7376
10	13	0.6905
10	19	0.6089
10	23	0.61
10	24	0.6657
10	25	0.6657
10	26	0.6657
10	27	0.6645
10	28	0.6645
10	29	0.6896
10	31	0.6398
10	44	0.6645
10	45	0.6645
10	67	0.6501
10	68	0.6926
10	74	0.6338
10	75	0.6749
10	76	0.6338
10	87	0.6645
10	89	0.6657
10	90	0.6645
10	91	0.6645
10	92	0.6374
10	93	0.6645
10	94	0.6125
10	95	0.6645
10	96	0.6645
10	148	0.5863
10	149	0.571
10	156	0.5926
10	159	0.5546
10	183	0.6396
10	215	0.6574
10	243	0.6365
10	248	0.623
11	7	0.8134
11	8	0.8134
11	10	0.7376
11	11	1
11	12	0.8134
11	13	0.6905
11	23	0.61
11	24	0.6657
11	25	0.6657
11	26	0.6657
11	27	0.6645
11	28	0.6645
11	29	0.6896
11	31	0.6398
11	44	0.6645
11	45	0.6645
11	67	0.6501
11	68	0.6926
11	74	0.6338
11	75	0.6749
11	76	0.6338
11	87	0.6645
11	89	0.6657
11	90	0.6645
11	91	0.6645
11	92	0.6374
11	93	0.6645
11	94	0.6125
11	95	0.6645
11	96	0.6645
11	183	0.6396
11	215	0.6574
11	248	0.623
12	1	0.6083
12	6	0.571
12	7	0.8134
12	8	0.8134
12	9	0.6158
12	10	0.7376
12	11	0.8134
12	12	1
12	13	0.6905
12	18	0.657
12	19	0.6176
12	23	0.61
12	24	0.7066
12	25	0.7066
12	26	0.7139
12	27	0.6645
12	28	0.6672
12	29	0.6896
12	31	0.6573
12	43	0.7205
12	44	0.7205
12	45	0.7066
12	61	0.5842
12	67	0.6995
12	68	0.6926
12	72	0.6262
12	74	0.6338
12	75	0.6749
12	76	0.6338
12	87	0.7011
12	89	0.6657
12	90	0.7011
12	91	0.7011
12	92	0.6374
12	93	0.6882
12	94	0.6125
12	95	0.7011
12	96	0.7011
12	132	0.6516
12	133	0.6516
12	138	0.6158
12	140	0.6709
12	148	0.5863
12	149	0.571
12	152	0.66
12	156	0.6043
12	159	0.5546
12	176	0.6516
12	181	0.5858
12	183	0.6396
12	215	0.6574
12	243	0.7194
12	248	0.6995
13	5	0.6147
13	7	0.6905
13	8	0.6905
13	10	0.6905
13	11	0.6905
13	12	0.6905
13	13	1
13	14	0.6985
13	23	0.6202
13	67	0.6193
13	68	0.6909
13	74	0.6202
13	75	0.6756
13	76	0.6977
13	77	0.6977
13	92	0.6228
13	116	0.6619
13	155	0.5936
13	215	0.6353
13	230	0.6619
13	231	0.6619
13	232	0.6619
13	233	0.6619
13	234	0.6619
13	235	0.6619
13	236	0.6619
13	247	0.6619
14	13	0.6985
14	14	1
14	41	0.6126
14	43	0.7154
14	53	0.677
14	66	0.5948
14	67	0.6445
14	68	0.6871
14	74	0.8159
14	75	0.8159
14	76	0.7272
14	77	0.7134
14	80	0.5961
14	105	0.6502
14	121	0.5998
14	122	0.6583
14	126	0.6762
14	127	0.5574
14	139	0.5817
14	146	0.5607
14	155	0.6057
14	182	0.6053
14	185	0.6762
14	186	0.6513
14	192	0.6814
14	193	0.6334
14	210	0.6026
14	211	0.6309
14	219	0.6004
14	236	0.6703
14	248	0.6445
15	15	1
15	155	0.6141
15	167	0.6651
15	201	0.6028
15	203	0.6028
15	210	0.6028
15	242	0.6272
16	6	0.5634
16	16	1
16	20	0.5706
16	30	0.6087
16	34	0.6333
16	35	0.6247
16	38	0.591
16	41	0.6412
16	42	0.6247
16	52	0.6527
16	61	0.5881
16	70	0.5712
16	71	0.575
16	79	0.5162
16	98	0.6091
16	138	0.5928
16	142	0.6703
16	148	0.5733
16	149	0.5733
16	162	0.6048
16	170	0.5634
16	177	0.603
16	178	0.603
16	197	0.6332
16	228	0.5887
17	17	1
17	18	0.7499
17	19	0.7074
17	34	0.6414
17	105	0.6176
17	133	0.6214
17	139	0.5878
17	160	0.6027
17	176	0.6214
17	248	0.6214
17	249	0.6176
18	8	0.657
18	9	0.6047
18	17	0.7499
18	18	1
18	19	0.7511
18	23	0.6319
18	24	0.657
18	25	0.657
18	26	0.6529
18	28	0.6269
18	34	0.6428
18	44	0.6657
18	45	0.6657
18	48	0.6167
18	63	0.6231
18	67	0.6529
18	71	0.5971
18	87	0.6516
18	90	0.6516
18	91	0.6516
18	95	0.6516
18	96	0.6516
18	105	0.6176
18	119	0.5945
18	132	0.6516
18	133	0.6516
18	138	0.5739
18	139	0.5878
18	140	0.657
18	148	0.5356
18	149	0.535
18	150	0.6319
18	151	0.6131
18	160	0.6027
18	176	0.6516
18	228	0.5669
18	248	0.6529
18	249	0.6357
19	17	0.7074
19	18	0.7511
19	19	1
19	23	0.615
19	26	0.6604
19	28	0.6604
19	31	0.6397
19	47	0.6624
19	53	0.6376
19	67	0.6176
19	105	0.6114
19	139	0.5878
19	215	0.6624
19	249	0.6098
20	20	1
20	32	0.58
20	38	0.5636
20	41	0.655
20	59	0.5476
20	64	0.6087
20	65	0.6271
20	79	0.5162
20	145	0.6024
20	146	0.5445
20	147	0.5693
20	156	0.5911
20	179	0.5969
20	197	0.5991
20	225	0.5852
21	21	1
21	40	0.6052
21	41	0.616
21	54	0.6056
21	66	0.6004
21	78	0.619
21	82	0.6456
21	83	0.6461
21	88	0.5944
21	104	0.5839
21	106	0.5962
21	128	0.5868
21	154	0.5774
21	165	0.6021
21	168	0.6325
21	169	0.597
21	182	0.6026
21	184	0.6179
21	217	0.6021
21	220	0.6196
21	221	0.6103
21	226	0.6021
21	245	0.622
21	250	0.622
22	22	1
22	55	0.659
22	56	0.6124
22	57	0.6124
22	124	0.6243
22	131	0.6543
22	141	0.617
22	158	0.6124
22	171	0.6124
22	172	0.6124
22	246	0.6124
23	9	0.5857
23	18	0.6319
23	19	0.615
23	23	1
23	31	0.645
23	53	0.7178
23	65	0.6136
23	66	0.5937
23	74	0.6347
23	75	0.6347
23	82	0.6121
23	86	0.5702
23	105	0.6411
23	119	0.6429
23	150	0.6818
23	151	0.6569
23	152	0.6435
23	153	0.6005
23	168	0.5624
23	170	0.5937
23	179	0.5878
23	184	0.6099
24	7	0.6882
24	8	0.7066
24	10	0.6657
24	11	0.6657
24	12	0.7066
24	17	0.6214
24	18	0.657
24	23	0.61
24	24	1
24	25	0.7469
24	26	0.7133
24	27	0.7023
24	28	0.7023
24	29	0.7154
24	31	0.6745
24	43	0.7066
24	44	0.7066
24	45	0.7066
24	87	0.7011
24	89	0.682
24	90	0.7011
24	91	0.7011
24	92	0.671
24	93	0.6882
24	94	0.6461
24	95	0.7011
24	96	0.7011
24	132	0.6516
24	133	0.6516
24	140	0.657
24	150	0.6263
24	151	0.6075
24	176	0.6516
24	183	0.6396
24	248	0.6214
25	7	0.6882
25	8	0.7066
25	10	0.6657
25	11	0.6657
25	12	0.7066
25	17	0.6214
25	18	0.657
25	19	0.6259
25	23	0.61
25	24	0.7469
25	25	1
25	26	0.7068
25	27	0.7023
25	28	0.7068
25	29	0.7154
25	31	0.6927
25	43	0.7066
25	44	0.7066
25	45	0.7066
25	87	0.7011
25	89	0.6657
25	90	0.7011
25	91	0.7011
25	92	0.671
25	93	0.6882
25	94	0.6461
25	95	0.7011
25	96	0.7011
25	132	0.6516
25	133	0.6516
25	140	0.657
25	176	0.6516
25	183	0.6396
25	248	0.6214
25	249	0.6098
26	3	0.6489
26	7	0.6918
26	8	0.6766
26	9	0.5919
26	10	0.6657
26	11	0.6657
26	12	0.7139
26	18	0.6529
26	19	0.6604
26	23	0.615
26	24	0.7133
26	25	0.7068
26	26	1
26	27	0.7093
26	28	0.7549
26	29	0.7154
26	31	0.7064
26	43	0.7231
26	44	0.7139
26	45	0.7025
26	53	0.6376
26	67	0.6643
26	87	0.6645
26	89	0.682
26	90	0.6645
26	91	0.6645
26	92	0.6374
26	93	0.6766
26	94	0.6125
26	95	0.6645
26	96	0.6645
26	105	0.6114
26	140	0.6643
26	150	0.6263
26	151	0.6075
26	183	0.6396
26	248	0.6643
26	249	0.6098
27	7	0.6645
27	8	0.6645
27	10	0.6645
27	11	0.6645
27	12	0.6645
27	17	0.6214
27	24	0.7023
27	25	0.7023
27	26	0.7093
27	27	1
27	28	0.7158
27	29	0.7154
27	31	0.657
27	43	0.671
27	44	0.671
27	45	0.671
27	87	0.6645
27	89	0.6645
27	90	0.671
27	91	0.671
27	92	0.671
27	93	0.6645
27	94	0.6461
27	95	0.671
27	96	0.671
27	133	0.6214
27	176	0.6214
27	183	0.6396
27	248	0.6214
28	7	0.6918
28	8	0.6766
28	10	0.6645
28	11	0.6645
28	12	0.6672
28	17	0.6214
28	19	0.6604
28	23	0.615
28	24	0.7023
28	25	0.7068
28	26	0.7549
28	27	0.7158
28	28	1
28	29	0.7154
28	31	0.7064
28	43	0.6766
28	44	0.6766
28	45	0.6766
28	53	0.6376
28	67	0.6176
28	87	0.6645
28	89	0.6645
28	90	0.671
28	91	0.671
28	92	0.671
28	93	0.6766
28	94	0.6461
28	95	0.671
28	96	0.671
28	105	0.6114
28	133	0.6214
28	154	0.5666
28	160	0.6378
28	176	0.6214
28	183	0.6396
28	248	0.6214
28	249	0.6098
29	7	0.6896
29	8	0.6896
29	10	0.6896
29	11	0.6896
29	12	0.6896
29	17	0.6152
29	19	0.6152
29	23	0.6059
29	24	0.7154
29	25	0.7154
29	26	0.7154
29	27	0.7154
29	28	0.7154
29	29	1
29	31	0.7568
29	43	0.6896
29	44	0.6896
29	45	0.6896
29	63	0.612
29	67	0.6152
29	73	0.6152
29	74	0.6059
29	75	0.6059
29	87	0.6896
29	89	0.6896
29	90	0.6896
29	91	0.6896
29	92	0.6896
29	93	0.6896
29	94	0.6522
29	95	0.6896
29	96	0.6896
29	132	0.6152
29	133	0.6152
29	139	0.6152
29	173	0.6152
29	174	0.6152
29	175	0.6152
29	176	0.6152
29	183	0.6522
29	215	0.6152
30	16	0.6087
30	30	1
30	32	0.6726
30	33	0.6931
30	35	0.6612
30	37	0.6265
30	39	0.6172
30	59	0.624
30	62	0.624
30	64	0.6137
30	69	0.5897
30	84	0.6202
30	103	0.5897
30	137	0.6172
30	142	0.6762
30	161	0.6286
30	177	0.6868
30	178	0.6868
30	224	0.6391
30	228	0.6328
31	7	0.6573
31	8	0.6573
31	10	0.6398
31	11	0.6398
31	19	0.6397
31	23	0.645
31	24	0.6745
31	25	0.6927
31	26	0.7064
31	27	0.657
31	28	0.7064
31	29	0.7568
31	31	1
31	43	0.688
31	44	0.688
31	45	0.6573
31	48	0.6201
31	53	0.6709
31	54	0.6074
31	74	0.6202
31	75	0.6202
31	87	0.6573
31	89	0.6503
31	90	0.6573
31	91	0.6573
31	92	0.6374
31	93	0.6943
31	94	0.6125
31	95	0.6573
31	96	0.6573
31	101	0.6625
31	150	0.6194
31	152	0.6688
31	161	0.5938
31	183	0.6149
31	218	0.6534
31	221	0.6136
31	249	0.6286
32	20	0.58
32	30	0.6726
32	32	1
32	33	0.7016
32	35	0.6289
32	37	0.6265
32	39	0.6172
32	59	0.6299
32	62	0.624
32	64	0.6572
32	69	0.5897
32	71	0.5671
32	81	0.5779
32	84	0.6731
32	103	0.5897
32	104	0.5901
32	128	0.5731
32	137	0.6172
32	142	0.6762
32	145	0.5913
32	161	0.6346
32	177	0.6662
32	178	0.6859
32	223	0.5669
32	224	0.6289
32	229	0.5315
32	241	0.5902
33	30	0.6931
33	32	0.7016
33	33	1
33	35	0.6612
33	37	0.6265
33	39	0.6172
33	48	0.6077
33	59	0.624
33	62	0.624
33	64	0.6209
33	69	0.5897
33	84	0.6491
33	103	0.5897
33	128	0.5731
33	137	0.6172
33	142	0.6762
33	145	0.5853
33	161	0.6286
33	177	0.674
33	178	0.674
33	224	0.6228
33	228	0.5693
34	2	0.6671
34	3	0.6503
34	16	0.6333
34	17	0.6414
34	18	0.6428
34	19	0.6224
34	22	0.5813
34	34	1
34	42	0.668
34	46	0.6804
34	47	0.6666
34	51	0.5835
34	52	0.6899
34	55	0.7034
34	56	0.6078
34	57	0.5904
34	58	0.6285
34	70	0.6064
34	71	0.6305
34	80	0.6218
34	86	0.5756
34	97	0.6503
34	98	0.6196
34	101	0.674
34	105	0.6414
34	124	0.6685
34	125	0.5777
34	127	0.5555
34	136	0.5901
34	138	0.6036
34	139	0.615
34	141	0.5813
34	143	0.5917
34	148	0.5862
34	149	0.5862
34	157	0.5917
34	160	0.6182
34	162	0.5873
34	171	0.5917
34	177	0.6008
34	178	0.6428
34	180	0.6744
34	184	0.6367
34	185	0.6666
34	205	0.6085
34	211	0.6168
34	218	0.7031
34	222	0.6574
34	228	0.6118
34	241	0.6041
34	249	0.6414
35	1	0.6109
35	16	0.6247
35	20	0.5893
35	30	0.6612
35	32	0.6289
35	33	0.6612
35	35	1
35	37	0.6706
35	38	0.5881
35	39	0.6005
35	41	0.6749
35	42	0.6213
35	52	0.6384
35	59	0.6158
35	62	0.6057
35	64	0.6124
35	69	0.6574
35	72	0.606
35	84	0.6002
35	85	0.6069
35	88	0.6007
35	98	0.623
35	103	0.591
35	130	0.5765
35	137	0.583
35	138	0.6067
35	142	0.7749
35	145	0.6525
35	146	0.5987
35	148	0.5733
35	149	0.5733
35	154	0.5673
35	156	0.6295
35	159	0.5547
35	161	0.6008
35	162	0.5909
35	165	0.6437
35	177	0.6612
35	178	0.6612
35	179	0.6207
35	181	0.5736
35	197	0.66
35	214	0.6139
35	223	0.5605
35	224	0.7002
35	228	0.6026
35	229	0.538
35	241	0.6485
35	244	0.5693
36	1	0.639
36	2	0.6527
36	5	0.6115
36	16	0.5928
36	22	0.586
36	30	0.597
36	32	0.6046
36	36	1
36	40	0.5747
36	42	0.6139
36	43	0.7252
36	44	0.7252
36	46	0.7618
36	47	0.7812
36	49	0.6136
36	51	0.5808
36	52	0.6588
36	55	0.6824
36	56	0.6378
36	57	0.6081
36	58	0.6889
36	60	0.64
36	70	0.6152
36	71	0.575
36	80	0.6098
36	97	0.6525
36	98	0.7312
36	99	0.6464
36	100	0.6566
36	101	0.6735
36	104	0.612
36	120	0.6759
36	121	0.6054
36	123	0.6344
36	124	0.6369
36	125	0.6174
36	129	0.7112
36	130	0.7112
36	131	0.7112
36	134	0.5582
36	136	0.6676
36	138	0.6102
36	141	0.5739
36	143	0.6028
36	144	0.6439
36	148	0.5594
36	149	0.5588
36	150	0.6317
36	151	0.6199
36	152	0.668
36	157	0.6165
36	158	0.6635
36	159	0.5689
36	160	0.6279
36	162	0.5774
36	163	0.6279
36	164	0.6813
36	165	0.6813
36	171	0.6081
36	172	0.5604
36	177	0.6426
36	178	0.6426
36	182	0.6405
36	194	0.6743
36	195	0.6774
36	196	0.5855
36	199	0.6546
36	211	0.612
36	212	0.661
36	214	0.6111
36	218	0.6739
36	219	0.6219
36	222	0.6102
36	223	0.6109
36	225	0.6122
36	228	0.6005
36	229	0.5415
36	237	0.6915
36	239	0.5854
36	240	0.5983
36	246	0.6081
37	1	0.6027
37	9	0.6142
37	20	0.5716
37	30	0.6265
37	32	0.6265
37	33	0.6265
37	35	0.6706
37	37	1
37	38	0.5896
37	39	0.6976
37	40	0.6164
37	41	0.67
37	59	0.6265
37	61	0.6058
37	62	0.6265
37	64	0.6547
37	69	0.6693
37	72	0.5895
37	79	0.501
37	84	0.7171
37	85	0.5895
37	88	0.6275
37	103	0.6395
37	137	0.6714
37	138	0.6058
37	142	0.6706
37	145	0.5963
37	147	0.5564
37	166	0.6294
37	177	0.6547
37	178	0.6547
37	179	0.6296
37	197	0.7561
37	223	0.5588
37	224	0.6443
37	227	0.6164
37	228	0.6164
37	229	0.6164
37	241	0.6693
37	243	0.6058
37	244	0.6275
38	1	0.6118
38	16	0.591
38	20	0.5636
38	38	1
38	41	0.6272
38	61	0.5461
38	65	0.584
38	71	0.5706
38	79	0.5816
38	85	0.6275
38	153	0.6149
38	156	0.6106
38	169	0.584
38	179	0.6149
38	197	0.6324
38	223	0.5744
38	244	0.5584
39	30	0.6172
39	32	0.6172
39	33	0.6172
39	37	0.6976
39	39	1
39	41	0.6137
39	52	0.6043
39	59	0.6172
39	62	0.6172
39	64	0.583
39	69	0.6078
39	84	0.6129
39	103	0.583
39	137	0.621
39	142	0.6527
39	161	0.6172
39	179	0.6027
39	197	0.6253
39	241	0.5892
39	244	0.5671
40	21	0.6052
40	37	0.6164
40	40	1
40	78	0.5905
40	79	0.507
40	82	0.6242
40	83	0.6336
40	128	0.5654
40	168	0.6242
40	197	0.6262
40	211	0.6296
40	217	0.5807
40	220	0.5723
40	226	0.6199
40	227	0.6099
40	228	0.5829
40	229	0.5923
40	245	0.6242
40	250	0.6242
41	16	0.6412
41	20	0.655
41	21	0.616
41	35	0.6749
41	37	0.67
41	38	0.6272
41	39	0.6137
41	41	1
41	48	0.6202
41	52	0.6626
41	54	0.6103
41	59	0.5654
41	64	0.5929
41	65	0.6023
41	69	0.6183
41	72	0.606
41	78	0.6754
41	79	0.5162
41	83	0.6083
41	84	0.6139
41	85	0.6318
41	88	0.6027
41	104	0.6179
41	105	0.6226
41	128	0.5911
41	134	0.5353
41	137	0.5575
41	142	0.6585
41	145	0.6901
41	146	0.6321
41	147	0.5958
41	154	0.6179
41	156	0.584
41	161	0.6008
41	163	0.6774
41	164	0.6417
41	165	0.6417
41	179	0.7194
41	184	0.6908
41	196	0.5821
41	197	0.6671
41	219	0.6119
41	223	0.566
41	224	0.6378
41	241	0.593
41	244	0.5693
41	245	0.5882
42	9	0.6126
42	16	0.6247
42	30	0.5864
42	34	0.668
42	35	0.6213
42	38	0.5812
42	42	1
42	44	0.6653
42	47	0.65
42	48	0.611
42	52	0.6069
42	55	0.6568
42	58	0.6173
42	60	0.6155
42	61	0.5574
42	63	0.6197
42	70	0.5878
42	85	0.607
42	86	0.573
42	103	0.5733
42	132	0.6271
42	134	0.5382
42	138	0.5818
42	144	0.6384
42	148	0.5356
42	149	0.535
42	155	0.6119
42	162	0.5831
42	178	0.6005
42	181	0.5455
42	201	0.6004
42	202	0.6377
42	203	0.6159
42	204	0.6478
42	210	0.6056
42	211	0.6174
42	214	0.612
42	222	0.6425
42	223	0.5744
42	228	0.5725
42	244	0.5533
43	1	0.6358
43	3	0.7072
43	7	0.7164
43	8	0.7164
43	9	0.5998
43	10	0.6657
43	11	0.6657
43	12	0.7205
43	14	0.7154
43	16	0.5934
43	17	0.622
43	18	0.657
43	19	0.6624
43	22	0.6237
43	23	0.61
43	24	0.7066
43	25	0.7066
43	26	0.7231
43	27	0.671
43	28	0.6766
43	29	0.6896
43	31	0.688
43	34	0.6666
43	36	0.7252
43	42	0.6688
43	43	1
43	44	0.7989
43	45	0.7832
43	47	0.6892
43	49	0.6201
43	53	0.6384
43	56	0.6199
43	58	0.6454
43	60	0.6661
43	63	0.6231
43	65	0.5909
43	67	0.6643
43	68	0.6574
43	74	0.6572
43	75	0.6983
43	86	0.573
43	87	0.7011
43	89	0.682
43	90	0.7011
43	91	0.7011
43	92	0.681
43	93	0.7164
43	94	0.6561
43	95	0.7011
43	96	0.7144
43	97	0.6406
43	102	0.6232
43	105	0.6219
43	111	0.7165
43	132	0.6648
43	133	0.6516
43	134	0.5329
43	139	0.5878
43	140	0.6709
43	142	0.7486
43	144	0.6384
43	150	0.6406
43	151	0.6218
43	153	0.5857
43	164	0.663
43	165	0.663
43	176	0.6516
43	181	0.5455
43	183	0.6396
43	185	0.6609
43	196	0.5541
43	202	0.6314
43	203	0.6159
43	204	0.6478
43	210	0.6056
43	211	0.6748
43	215	0.7049
43	221	0.6468
43	223	0.5558
43	248	0.6643
43	249	0.6309
44	1	0.6358
44	7	0.6882
44	8	0.7066
44	9	0.6126
44	10	0.6645
44	11	0.6645
44	12	0.7205
44	14	0.651
44	16	0.5934
44	17	0.6407
44	18	0.6657
44	19	0.6285
44	22	0.6393
44	24	0.7066
44	25	0.7066
44	26	0.7139
44	27	0.671
44	28	0.6766
44	29	0.6896
44	31	0.688
44	34	0.656
44	36	0.7252
44	42	0.6653
44	43	0.7989
44	44	1
44	45	0.7832
44	47	0.6517
44	49	0.6336
44	54	0.5944
44	56	0.6199
44	58	0.6454
44	60	0.6277
44	63	0.6197
44	65	0.5909
44	67	0.6643
44	68	0.6574
44	74	0.6098
44	75	0.651
44	86	0.573
44	87	0.7011
44	89	0.6756
44	90	0.7011
44	91	0.7011
44	92	0.681
44	93	0.6882
44	94	0.6561
44	95	0.7011
44	96	0.7144
44	97	0.6202
44	105	0.6219
44	132	0.6705
44	133	0.6516
44	134	0.5329
44	139	0.5878
44	140	0.6709
44	142	0.7486
44	144	0.6384
44	151	0.6131
44	153	0.5857
44	164	0.663
44	165	0.663
44	176	0.6516
44	180	0.5991
44	181	0.5455
44	183	0.6396
44	185	0.6496
44	202	0.6314
44	203	0.6159
44	204	0.6478
44	210	0.6056
44	211	0.6284
44	215	0.671
44	221	0.6277
44	223	0.5558
44	248	0.6643
44	249	0.6224
45	7	0.7164
45	8	0.7164
45	9	0.6126
45	10	0.6645
45	11	0.6645
45	12	0.7066
45	17	0.6214
45	18	0.6657
45	19	0.6269
45	24	0.7066
45	25	0.7066
45	26	0.7025
45	27	0.671
45	28	0.6766
45	29	0.6896
45	31	0.6573
45	34	0.656
45	42	0.6514
45	43	0.7832
45	44	0.7832
45	45	1
45	47	0.708
45	53	0.6384
45	63	0.6083
45	67	0.6529
45	68	0.6574
45	75	0.6398
45	87	0.7011
45	89	0.6645
45	90	0.7011
45	91	0.7011
45	92	0.681
45	93	0.7164
45	94	0.6561
45	95	0.7011
45	96	0.7011
45	132	0.6516
45	133	0.6516
45	140	0.657
45	142	0.6935
45	144	0.6245
45	176	0.6516
45	183	0.6396
45	211	0.6092
45	215	0.6574
45	226	0.5953
45	248	0.6529
46	16	0.6048
46	22	0.6212
46	33	0.5865
46	34	0.6804
46	36	0.7618
46	42	0.6286
46	46	1
46	47	0.7627
46	48	0.6407
46	49	0.6666
46	50	0.7079
46	52	0.6408
46	55	0.6748
46	56	0.6068
46	70	0.6749
46	71	0.5796
46	97	0.6626
46	99	0.6938
46	100	0.7162
46	101	0.7134
46	104	0.5843
46	106	0.5868
46	119	0.6064
46	120	0.726
46	123	0.6502
46	124	0.6927
46	125	0.6427
46	131	0.6358
46	136	0.6525
46	141	0.6022
46	143	0.6701
46	144	0.6057
46	148	0.5519
46	149	0.5519
46	150	0.619
46	152	0.6546
46	154	0.5623
46	158	0.6443
46	160	0.6191
46	162	0.6801
46	163	0.6285
46	166	0.5916
46	171	0.5921
46	172	0.641
46	177	0.5995
46	178	0.6093
46	194	0.6942
46	195	0.6774
46	199	0.6921
46	212	0.6748
46	214	0.6464
46	216	0.6848
46	218	0.6938
46	222	0.6285
46	223	0.5846
46	226	0.6173
46	237	0.7106
46	239	0.6034
47	7	0.6668
47	8	0.6668
47	17	0.6337
47	18	0.6386
47	19	0.6624
47	20	0.5698
47	23	0.6251
47	28	0.6269
47	34	0.6666
47	36	0.7812
47	42	0.65
47	43	0.6892
47	45	0.708
47	46	0.7627
47	47	1
47	49	0.6321
47	52	0.6325
47	53	0.6714
47	67	0.6176
47	80	0.6194
47	87	0.6386
47	89	0.6216
47	93	0.6668
47	97	0.6245
47	99	0.6273
47	101	0.6735
47	102	0.6232
47	104	0.6041
47	105	0.6176
47	120	0.6268
47	123	0.5746
47	124	0.6595
47	125	0.5954
47	132	0.6386
47	133	0.6386
47	139	0.641
47	140	0.674
47	143	0.6202
47	144	0.663
47	150	0.649
47	152	0.643
47	160	0.607
47	164	0.603
47	166	0.5916
47	172	0.5654
47	176	0.6386
47	184	0.6534
47	194	0.6198
47	195	0.6198
47	196	0.5558
47	215	0.6977
47	218	0.6862
47	221	0.6272
47	222	0.6102
47	224	0.6079
47	226	0.6173
47	237	0.6655
47	239	0.5668
47	241	0.6178
47	249	0.6176
48	2	0.7016
48	21	0.5774
48	33	0.6077
48	41	0.6202
48	48	1
48	52	0.6015
48	53	0.6428
48	54	0.695
48	70	0.6068
48	78	0.6175
48	80	0.5951
48	83	0.6076
48	98	0.6098
48	101	0.6431
48	104	0.6703
48	106	0.6246
48	124	0.6136
48	128	0.6175
48	148	0.5356
48	149	0.535
48	154	0.6175
48	162	0.5894
48	163	0.6202
48	164	0.6381
48	165	0.6579
48	182	0.6819
48	217	0.627
48	219	0.5999
48	221	0.6094
48	222	0.6293
48	226	0.6766
48	250	0.6044
49	2	0.6455
49	19	0.6134
49	35	0.6131
49	40	0.5906
49	46	0.6666
49	49	1
49	50	0.6547
49	51	0.5872
49	53	0.6608
49	54	0.6092
49	56	0.615
49	60	0.6085
49	64	0.5835
49	88	0.627
49	100	0.6615
49	101	0.6711
49	106	0.6181
49	119	0.6419
49	121	0.6038
49	125	0.5906
49	136	0.6592
49	144	0.65
49	150	0.6564
49	151	0.6564
49	153	0.5772
49	156	0.5993
49	160	0.6359
49	161	0.5884
49	166	0.5785
49	169	0.6339
49	180	0.6205
49	195	0.613
49	199	0.6242
49	219	0.6048
49	220	0.589
49	222	0.6158
49	223	0.5523
49	239	0.6136
50	2	0.6816
50	22	0.5974
50	35	0.6071
50	40	0.5864
50	46	0.7079
50	49	0.6547
50	50	1
50	51	0.578
50	80	0.612
50	82	0.6229
50	83	0.6666
50	88	0.6127
50	97	0.6214
50	99	0.6349
50	100	0.6349
50	101	0.6508
50	120	0.6863
50	123	0.6325
50	125	0.5846
50	127	0.5686
50	129	0.5854
50	136	0.6084
50	141	0.6209
50	143	0.6701
50	158	0.6157
50	168	0.5744
50	170	0.5795
50	171	0.5921
50	172	0.641
50	178	0.5991
50	180	0.6539
50	181	0.5716
50	184	0.6389
50	194	0.6238
50	195	0.5961
50	199	0.6086
50	212	0.5841
50	216	0.6848
50	239	0.577
50	245	0.6089
50	249	0.6271
50	250	0.5853
51	2	0.6539
51	4	0.706
51	51	1
51	60	0.6169
51	66	0.6198
51	80	0.6156
51	86	0.5626
51	97	0.6228
51	99	0.605
51	121	0.6407
51	127	0.6056
51	144	0.6008
51	147	0.563
51	160	0.6153
51	180	0.6403
51	212	0.5752
51	220	0.5861
51	221	0.6154
51	238	0.706
52	6	0.55
52	16	0.6527
52	30	0.5776
52	34	0.6899
52	35	0.6384
52	36	0.6588
52	38	0.5741
52	39	0.6043
52	41	0.6626
52	52	1
52	61	0.5881
52	70	0.5883
52	71	0.5695
52	72	0.6272
52	85	0.6592
52	88	0.619
52	98	0.6668
52	106	0.5827
52	138	0.5938
52	142	0.6639
52	148	0.574
52	149	0.574
52	156	0.5883
52	163	0.6357
52	170	0.5634
52	177	0.6064
52	178	0.6064
52	180	0.6298
52	181	0.6067
52	184	0.6505
52	196	0.5655
52	197	0.6592
52	219	0.6214
52	222	0.6152
52	224	0.6318
52	228	0.5776
52	240	0.5804
52	244	0.5693
53	4	0.5935
53	5	0.6053
53	9	0.6093
53	14	0.677
53	19	0.6376
53	23	0.7178
53	28	0.6376
53	31	0.6709
53	47	0.6714
53	48	0.6428
53	49	0.6608
53	53	1
53	57	0.5805
53	65	0.6504
53	66	0.6018
53	71	0.5814
53	74	0.6347
53	75	0.6347
53	80	0.6516
53	82	0.629
53	83	0.629
53	86	0.6239
53	101	0.6975
53	104	0.6027
53	105	0.6868
53	119	0.6819
53	125	0.5849
53	127	0.5736
53	132	0.6194
53	133	0.6194
53	139	0.5685
53	143	0.6269
53	144	0.6001
53	150	0.6887
53	151	0.6769
53	152	0.6949
53	153	0.6215
53	155	0.6113
53	157	0.5805
53	163	0.6166
53	166	0.6047
53	168	0.5624
53	169	0.5927
53	170	0.5984
53	176	0.6194
53	179	0.5878
53	180	0.6091
53	181	0.5457
53	184	0.618
53	218	0.6607
53	219	0.636
53	221	0.6771
53	237	0.597
53	238	0.5935
53	241	0.6096
53	245	0.6088
53	249	0.6397
54	2	0.6954
54	21	0.6056
54	48	0.695
54	54	1
54	58	0.6225
54	78	0.6288
54	82	0.6524
54	83	0.6604
54	88	0.648
54	104	0.6245
54	106	0.6328
54	128	0.6268
54	134	0.5283
54	154	0.6175
54	164	0.6268
54	165	0.6268
54	168	0.6117
54	169	0.5776
54	175	0.6391
54	182	0.7085
54	217	0.627
54	226	0.6766
54	227	0.5362
54	229	0.5406
54	239	0.5872
54	245	0.6041
54	250	0.6328
55	16	0.6012
55	18	0.6367
55	22	0.659
55	34	0.7034
55	36	0.6824
55	42	0.6568
55	46	0.6748
55	48	0.6168
55	49	0.6297
55	50	0.6209
55	52	0.6431
55	55	1
55	56	0.6655
55	57	0.6655
55	58	0.6655
55	62	0.5735
55	69	0.5855
55	70	0.6284
55	71	0.6156
55	80	0.6107
55	83	0.6148
55	97	0.6333
55	98	0.6555
55	99	0.6779
55	100	0.6779
55	101	0.6962
55	105	0.6113
55	119	0.5938
55	120	0.6827
55	121	0.6049
55	123	0.6306
55	124	0.662
55	125	0.6288
55	129	0.6926
55	130	0.6926
55	131	0.6926
55	136	0.5899
55	138	0.5859
55	141	0.6405
55	143	0.6968
55	144	0.6126
55	148	0.5899
55	149	0.5899
55	150	0.6255
55	151	0.6093
55	152	0.662
55	153	0.5768
55	157	0.6968
55	158	0.7204
55	159	0.5689
55	160	0.6159
55	161	0.5956
55	162	0.6255
55	163	0.6249
55	171	0.6906
55	172	0.6386
55	178	0.6189
55	185	0.654
55	194	0.6634
55	195	0.6492
55	199	0.6598
55	212	0.6236
55	214	0.678
55	218	0.6779
55	222	0.6791
55	225	0.5909
55	237	0.6573
55	239	0.5846
55	240	0.608
55	241	0.6107
55	246	0.6655
55	249	0.6392
56	22	0.6124
56	49	0.615
56	55	0.6655
56	56	1
56	57	0.7181
56	58	0.7181
56	70	0.5833
56	71	0.5727
56	80	0.6189
56	86	0.5794
56	97	0.6307
56	98	0.617
56	105	0.6929
56	119	0.5849
56	121	0.596
56	123	0.6306
56	129	0.617
56	130	0.617
56	131	0.6568
56	141	0.5704
56	143	0.6655
56	151	0.6017
56	157	0.6655
56	158	0.6655
56	159	0.5689
56	171	0.6655
56	172	0.6386
56	194	0.6128
56	225	0.5909
56	239	0.6034
56	240	0.6237
56	241	0.6026
56	246	0.6655
57	22	0.6124
57	55	0.6655
57	56	0.7181
57	57	1
57	58	0.7181
57	71	0.5727
57	80	0.6026
57	98	0.617
57	123	0.6306
57	129	0.617
57	130	0.617
57	131	0.617
57	143	0.6655
57	157	0.6655
57	158	0.6655
57	159	0.5689
57	171	0.6655
57	172	0.6386
57	225	0.5909
57	239	0.5756
57	240	0.6071
57	241	0.6026
57	246	0.6655
58	1	0.6307
58	22	0.6124
58	34	0.6285
58	36	0.6889
58	42	0.6173
58	49	0.6135
58	54	0.6225
58	55	0.6655
58	56	0.7181
58	57	0.7181
58	58	1
58	71	0.589
58	80	0.6392
58	98	0.617
58	121	0.596
58	123	0.6306
58	128	0.5603
58	129	0.617
58	130	0.617
58	131	0.6568
58	134	0.5448
58	141	0.5704
58	143	0.6655
58	150	0.6194
58	156	0.5851
58	157	0.6655
58	158	0.6655
58	159	0.5689
58	163	0.6328
58	171	0.6655
58	172	0.6386
58	182	0.6488
58	196	0.6018
58	225	0.6014
58	239	0.6034
58	240	0.6071
58	241	0.6495
58	246	0.6655
58	249	0.6123
59	30	0.624
59	32	0.6299
59	33	0.624
59	35	0.6158
59	37	0.6265
59	39	0.6172
59	59	1
59	62	0.624
59	64	0.6127
59	69	0.5897
59	84	0.5992
59	103	0.5897
59	137	0.6172
59	145	0.616
59	146	0.5622
59	147	0.5958
59	161	0.6801
59	177	0.5897
59	178	0.6127
59	225	0.5809
60	4	0.5816
60	38	0.5672
60	40	0.5737
60	42	0.6155
60	51	0.6169
60	54	0.5918
60	60	1
60	71	0.5737
60	88	0.6643
60	97	0.6269
60	98	0.6539
60	99	0.6517
60	106	0.6813
60	119	0.5708
60	125	0.587
60	128	0.575
60	134	0.5382
60	136	0.6499
60	144	0.6109
60	153	0.5969
60	160	0.6494
60	161	0.5916
60	164	0.6338
60	165	0.6267
60	169	0.5892
60	178	0.6075
60	180	0.6031
60	184	0.6092
60	185	0.7058
60	195	0.6004
60	199	0.6432
60	218	0.6546
60	219	0.615
60	220	0.6102
60	221	0.6282
60	222	0.6634
60	223	0.5523
60	237	0.5956
60	238	0.5816
60	239	0.582
61	9	0.5856
61	16	0.5881
61	61	1
61	72	0.6023
61	85	0.6384
61	103	0.5947
61	138	0.6622
61	156	0.5843
61	243	0.6583
61	244	0.5692
62	30	0.624
62	32	0.624
62	33	0.624
62	37	0.6265
62	39	0.6172
62	59	0.624
62	62	1
62	64	0.6171
62	69	0.6292
62	84	0.6224
62	103	0.6498
62	137	0.6172
62	141	0.5715
62	161	0.6514
62	177	0.5897
63	42	0.6197
63	63	1
63	140	0.6231
63	191	0.6342
63	201	0.6083
63	202	0.6083
63	204	0.6083
63	228	0.5846
64	20	0.6087
64	30	0.6137
64	32	0.6572
64	33	0.6209
64	35	0.6124
64	37	0.6547
64	39	0.583
64	59	0.6127
64	62	0.6171
64	64	1
64	69	0.5964
64	84	0.6332
64	103	0.6171
64	137	0.583
64	142	0.6626
64	145	0.6088
64	156	0.6648
64	161	0.6995
64	166	0.5772
64	177	0.6854
64	178	0.7068
64	179	0.6048
64	225	0.5814
64	227	0.5327
65	4	0.5761
65	16	0.5831
65	20	0.6271
65	23	0.6136
65	38	0.584
65	40	0.5821
65	53	0.6504
65	59	0.5476
65	61	0.5531
65	65	1
65	66	0.6165
65	71	0.577
65	78	0.5833
65	79	0.5162
65	86	0.6073
65	88	0.607
65	121	0.61
65	127	0.5638
65	145	0.5803
65	146	0.5771
65	147	0.6182
65	150	0.6211
65	151	0.6211
65	153	0.6442
65	166	0.5835
65	168	0.5624
65	169	0.628
65	170	0.5939
65	180	0.624
65	184	0.6163
65	219	0.6051
65	220	0.5839
65	222	0.6056
65	225	0.5936
65	238	0.5761
66	2	0.6476
66	4	0.5816
66	6	0.5659
66	21	0.6004
66	38	0.5807
66	40	0.5772
66	51	0.6198
66	61	0.5649
66	65	0.6165
66	66	1
66	78	0.5941
66	79	0.5162
66	82	0.6004
66	86	0.6012
66	119	0.5897
66	121	0.6444
66	127	0.5804
66	128	0.5619
66	145	0.6122
66	146	0.5617
66	147	0.5951
66	150	0.6257
66	151	0.6257
66	153	0.6061
66	161	0.6027
66	166	0.5922
66	168	0.5799
66	169	0.6205
66	170	0.6226
66	179	0.6443
66	211	0.6223
66	217	0.5772
66	219	0.5991
66	220	0.6283
66	221	0.6595
66	226	0.6308
66	227	0.5327
66	238	0.5816
66	243	0.6009
66	245	0.575
67	7	0.6528
67	9	0.5998
67	10	0.6501
67	11	0.6501
67	12	0.6995
67	14	0.6445
67	18	0.6529
67	19	0.6176
67	26	0.6643
67	67	1
67	68	0.7802
67	74	0.6939
67	75	0.6939
67	76	0.6939
67	119	0.5702
67	140	0.6643
67	181	0.5716
67	237	0.5977
67	248	0.7939
68	5	0.6479
68	7	0.6926
68	8	0.6926
68	10	0.6926
68	11	0.6926
68	12	0.6926
68	13	0.6909
68	14	0.6871
68	15	0.6209
68	45	0.6574
68	67	0.7802
68	68	1
68	74	0.6338
68	75	0.6787
68	76	0.6871
68	77	0.6871
68	155	0.5936
68	167	0.6767
68	206	0.6689
68	207	0.6938
68	208	0.6938
68	209	0.6938
68	215	0.6574
68	230	0.655
68	231	0.655
68	232	0.655
68	233	0.655
68	234	0.655
68	235	0.655
68	236	0.655
68	247	0.655
68	248	0.6857
69	30	0.5897
69	32	0.5897
69	33	0.5897
69	35	0.6574
69	37	0.6693
69	39	0.6078
69	41	0.6183
69	59	0.5897
69	62	0.6292
69	64	0.5964
69	69	1
69	84	0.6789
69	103	0.5897
69	124	0.6206
69	129	0.5855
69	130	0.5855
69	137	0.6078
69	156	0.6
69	177	0.5897
69	179	0.5821
69	197	0.6183
69	224	0.6414
69	241	0.6507
69	244	0.5533
70	46	0.6749
70	70	1
70	99	0.5983
70	100	0.6314
70	136	0.5899
70	148	0.5519
70	149	0.5519
70	162	0.6736
70	194	0.6206
70	195	0.6082
70	212	0.6363
70	217	0.5703
70	223	0.5515
70	237	0.6351
71	34	0.6305
71	38	0.5706
71	71	1
71	146	0.5507
71	147	0.5785
71	148	0.5419
71	149	0.5413
71	227	0.5625
71	228	0.617
71	229	0.5763
72	1	0.7947
72	9	0.605
72	52	0.6272
72	61	0.6023
72	72	1
72	79	0.501
72	82	0.6262
72	83	0.6262
72	85	0.6672
72	103	0.6575
72	138	0.6023
72	163	0.6272
72	168	0.6262
72	181	0.5996
72	197	0.6672
72	224	0.606
72	243	0.6236
72	244	0.6672
72	245	0.6262
72	250	0.6262
73	73	1
74	6	0.5473
74	9	0.6046
74	14	0.8159
74	23	0.6347
74	53	0.6347
74	67	0.6939
74	74	1
74	75	0.832
74	76	0.7934
74	77	0.6398
74	105	0.6248
74	139	0.5817
74	243	0.6009
74	248	0.677
75	6	0.5473
75	7	0.6749
75	8	0.6749
75	9	0.6046
75	10	0.6749
75	11	0.6749
75	12	0.6749
75	13	0.6756
75	14	0.8159
75	23	0.6347
75	43	0.6983
75	53	0.6347
75	67	0.6939
75	68	0.6787
75	74	0.832
75	75	1
75	76	0.7934
75	77	0.6905
75	92	0.6228
75	93	0.6398
75	105	0.6248
75	139	0.5817
75	142	0.6446
75	155	0.6057
75	182	0.59
75	210	0.6026
75	243	0.6009
75	248	0.677
76	6	0.5473
76	9	0.6046
76	13	0.6977
76	14	0.7272
76	67	0.6939
76	68	0.6871
76	74	0.7934
76	75	0.7934
76	76	1
76	77	0.7134
76	155	0.5936
76	243	0.6009
76	248	0.677
77	6	0.5473
77	9	0.5915
77	13	0.6977
77	14	0.7134
77	68	0.6871
77	74	0.6398
77	75	0.6905
77	76	0.7134
77	77	1
77	155	0.5936
77	243	0.6009
78	2	0.6369
78	21	0.619
78	40	0.5905
78	41	0.6754
78	48	0.6175
78	54	0.6288
78	59	0.5415
78	66	0.5941
78	78	1
78	82	0.6251
78	83	0.6333
78	104	0.6245
78	106	0.5818
78	128	0.6245
78	134	0.5353
78	145	0.5983
78	146	0.5462
78	147	0.5719
78	154	0.6175
78	161	0.6171
78	164	0.6377
78	165	0.6377
78	168	0.5845
78	175	0.6246
78	182	0.6353
78	197	0.601
78	217	0.6377
78	220	0.5794
78	226	0.6377
78	227	0.5362
78	229	0.5278
78	245	0.5845
78	250	0.6132
79	38	0.5816
79	79	1
80	4	0.5639
80	50	0.612
80	51	0.6156
80	53	0.6516
80	56	0.6189
80	57	0.6026
80	58	0.6392
80	64	0.5864
80	80	1
80	104	0.5922
80	106	0.5865
80	123	0.5719
80	127	0.5971
80	128	0.572
80	134	0.5633
80	143	0.6166
80	152	0.6512
80	154	0.5695
80	156	0.5852
80	164	0.6068
80	171	0.6106
80	172	0.5836
80	182	0.5974
80	216	0.5523
80	219	0.6148
80	222	0.6132
80	239	0.5779
80	241	0.6107
80	246	0.5695
81	30	0.572
81	32	0.5779
81	33	0.572
81	81	1
81	102	0.6168
81	161	0.6233
81	178	0.5992
82	2	0.823
82	4	0.562
82	21	0.6456
82	23	0.6121
82	40	0.6242
82	50	0.6229
82	51	0.578
82	54	0.6524
82	66	0.6004
82	72	0.6262
82	78	0.6251
82	82	1
82	83	0.8506
82	85	0.5945
82	88	0.5945
82	104	0.5873
82	106	0.6378
82	128	0.5787
82	154	0.5694
82	164	0.6786
82	165	0.6263
82	168	0.7994
82	169	0.5991
82	170	0.5913
82	182	0.5933
82	184	0.6397
82	211	0.6104
82	217	0.625
82	218	0.6581
82	220	0.6279
82	221	0.6424
82	222	0.6111
82	226	0.6476
82	238	0.562
82	240	0.6113
82	245	0.7998
82	250	0.7994
83	2	0.823
83	4	0.562
83	21	0.6461
83	40	0.6336
83	48	0.6076
83	50	0.6666
83	54	0.6604
83	66	0.6004
83	72	0.6262
83	78	0.6333
83	82	0.8506
83	83	1
83	105	0.6242
83	106	0.6383
83	128	0.5868
83	129	0.6071
83	130	0.6071
83	131	0.5873
83	154	0.5774
83	163	0.6077
83	164	0.6786
83	165	0.6303
83	168	0.7994
83	170	0.5913
83	182	0.6232
83	184	0.6456
83	199	0.6641
83	211	0.6104
83	217	0.633
83	220	0.5873
83	221	0.6424
83	226	0.648
83	238	0.562
83	240	0.5947
83	245	0.7998
83	250	0.7994
84	1	0.6063
84	20	0.58
84	30	0.6202
84	32	0.6731
84	33	0.6491
84	37	0.7171
84	39	0.6129
84	41	0.6139
84	51	0.5782
84	59	0.5992
84	61	0.5759
84	62	0.6224
84	64	0.6332
84	69	0.6789
84	72	0.5811
84	84	1
84	85	0.6058
84	86	0.5728
84	98	0.6586
84	103	0.6255
84	134	0.5354
84	137	0.6129
84	138	0.5822
84	145	0.586
84	152	0.6463
84	166	0.6042
84	177	0.6273
84	178	0.647
84	197	0.665
84	224	0.5967
84	225	0.5846
84	241	0.6216
84	243	0.6058
84	244	0.5692
85	1	0.6677
85	4	0.5456
85	6	0.5517
85	9	0.5948
85	16	0.5881
85	21	0.5856
85	35	0.6069
85	38	0.6275
85	41	0.6318
85	52	0.6592
85	59	0.5598
85	61	0.6384
85	72	0.6672
85	79	0.5162
85	84	0.6058
85	85	1
85	88	0.6447
85	103	0.6039
85	106	0.5944
85	142	0.6522
85	156	0.6185
85	163	0.6121
85	166	0.5942
85	179	0.608
85	197	0.7
85	223	0.5744
85	224	0.6318
85	238	0.5456
85	241	0.5905
85	243	0.6583
85	244	0.6101
86	6	0.5673
86	65	0.6073
86	66	0.6012
86	86	1
86	121	0.6284
86	136	0.5986
86	147	0.5541
86	169	0.5965
86	180	0.6284
86	243	0.6031
87	7	0.6882
87	8	0.7011
87	10	0.6645
87	11	0.6645
87	12	0.7011
87	18	0.6516
87	24	0.7011
87	25	0.7011
87	26	0.6645
87	27	0.6645
87	28	0.6645
87	29	0.6896
87	31	0.6573
87	43	0.7011
87	44	0.7011
87	45	0.7011
87	87	1
87	89	0.6645
87	90	0.7011
87	91	0.7011
87	92	0.6374
87	93	0.6882
87	94	0.6125
87	95	0.7349
87	96	0.7011
87	132	0.6516
87	133	0.6516
87	139	0.6161
87	140	0.6516
87	176	0.6516
87	183	0.6734
88	4	0.5939
88	21	0.5944
88	37	0.6275
88	38	0.5905
88	39	0.5812
88	49	0.627
88	50	0.6127
88	51	0.5939
88	52	0.619
88	54	0.648
88	60	0.6643
88	61	0.5626
88	65	0.607
88	78	0.5852
88	85	0.6447
88	86	0.5641
88	88	1
88	100	0.6407
88	106	0.6258
88	144	0.612
88	146	0.5387
88	147	0.5605
88	153	0.607
88	169	0.5908
88	180	0.6779
88	184	0.6626
88	196	0.5526
88	197	0.657
88	200	0.5738
88	218	0.6583
88	219	0.6081
88	222	0.7255
88	224	0.6507
88	238	0.5939
88	244	0.5997
89	7	0.682
89	8	0.6645
89	10	0.6657
89	11	0.6657
89	12	0.6657
89	23	0.61
89	24	0.682
89	25	0.6657
89	26	0.682
89	27	0.6645
89	28	0.6645
89	29	0.6896
89	31	0.6503
89	43	0.682
89	44	0.6756
89	45	0.6645
89	87	0.6645
89	89	1
89	90	0.6859
89	91	0.6859
89	92	0.6588
89	93	0.6859
89	94	0.6722
89	95	0.6645
89	96	0.6859
89	132	0.626
89	139	0.5878
89	140	0.626
89	150	0.6263
89	151	0.6075
89	183	0.6396
90	7	0.6882
90	8	0.7011
90	10	0.6645
90	11	0.6645
90	12	0.7011
90	17	0.6214
90	18	0.6516
90	24	0.7011
90	25	0.7011
90	26	0.6645
90	27	0.671
90	28	0.671
90	29	0.6896
90	31	0.6573
90	43	0.7011
90	44	0.7011
90	45	0.7011
90	63	0.6083
90	87	0.7011
90	89	0.6859
90	90	1
90	91	0.7226
90	92	0.7024
90	93	0.7097
90	94	0.6775
90	95	0.7011
90	96	0.7226
90	132	0.6516
90	133	0.6516
90	140	0.6516
90	176	0.6516
90	183	0.6396
90	248	0.6314
91	7	0.6882
91	8	0.7011
91	10	0.6645
91	11	0.6645
91	12	0.7011
91	17	0.6214
91	18	0.6516
91	24	0.7011
91	25	0.7011
91	26	0.6645
91	27	0.671
91	28	0.671
91	29	0.6896
91	31	0.6573
91	43	0.7011
91	44	0.7011
91	45	0.7011
91	63	0.6083
91	87	0.7011
91	89	0.6859
91	90	0.7226
91	91	1
91	92	0.7024
91	93	0.7097
91	94	0.6775
91	95	0.7011
91	96	0.7226
91	132	0.6516
91	133	0.6516
91	140	0.6516
91	176	0.6516
91	183	0.6396
91	248	0.6314
92	8	0.6556
92	10	0.6374
92	11	0.6374
92	17	0.6214
92	24	0.671
92	25	0.671
92	27	0.671
92	28	0.671
92	29	0.6896
92	31	0.6374
92	43	0.681
92	44	0.681
92	45	0.681
92	63	0.6083
92	75	0.6228
92	87	0.6374
92	89	0.6588
92	90	0.7024
92	91	0.7024
92	92	1
92	93	0.6829
92	94	0.6834
92	95	0.681
92	96	0.7024
92	133	0.6314
92	140	0.6314
92	142	0.6935
92	176	0.6214
92	183	0.6125
92	248	0.6314
93	7	0.7164
93	8	0.7164
93	10	0.6645
93	11	0.6645
93	12	0.6882
93	18	0.6386
93	19	0.6269
93	24	0.6882
93	25	0.6882
93	26	0.6766
93	27	0.6645
93	28	0.6766
93	29	0.6896
93	31	0.6943
93	43	0.7164
93	44	0.6882
93	45	0.7164
93	47	0.6668
93	53	0.6384
93	54	0.5944
93	67	0.6176
93	75	0.6398
93	87	0.6882
93	89	0.6859
93	90	0.7097
93	91	0.7097
93	92	0.6829
93	93	1
93	94	0.658
93	95	0.6882
93	96	0.7097
93	132	0.6386
93	133	0.6386
93	140	0.6386
93	142	0.6555
93	160	0.6178
93	176	0.6386
93	183	0.6396
93	249	0.6417
94	24	0.6461
94	25	0.6461
94	27	0.6461
94	28	0.6461
94	29	0.6522
94	45	0.6561
94	89	0.6722
94	90	0.6775
94	91	0.6775
94	92	0.6834
94	93	0.658
94	94	1
94	95	0.6561
94	96	0.6775
94	139	0.5629
94	142	0.6935
94	151	0.6012
94	154	0.575
94	183	0.6125
95	7	0.6882
95	8	0.7011
95	10	0.6645
95	11	0.6645
95	12	0.7011
95	17	0.6214
95	18	0.6516
95	24	0.7011
95	25	0.7011
95	26	0.6645
95	27	0.671
95	28	0.671
95	29	0.6896
95	31	0.6573
95	43	0.7011
95	44	0.7011
95	45	0.7011
95	63	0.6083
95	87	0.7349
95	89	0.6645
95	90	0.7011
95	91	0.7011
95	92	0.681
95	93	0.6882
95	94	0.6561
95	95	1
95	96	0.7011
95	132	0.6516
95	133	0.6516
95	140	0.6516
95	176	0.6516
95	183	0.6734
95	248	0.6314
96	7	0.6882
96	8	0.7011
96	10	0.6645
96	11	0.6645
96	12	0.7011
96	17	0.6214
96	18	0.6516
96	24	0.7011
96	25	0.7011
96	26	0.6645
96	27	0.671
96	28	0.671
96	29	0.6896
96	31	0.6573
96	43	0.7144
96	44	0.7144
96	45	0.7011
96	63	0.6083
96	87	0.7011
96	89	0.6859
96	90	0.7226
96	91	0.7226
96	92	0.7024
96	93	0.7097
96	94	0.6775
96	95	0.7011
96	96	1
96	132	0.6648
96	133	0.6516
96	140	0.6516
96	176	0.6516
96	183	0.6396
96	248	0.6314
97	22	0.5845
97	34	0.6503
97	36	0.6525
97	42	0.6177
97	46	0.6626
97	50	0.6214
97	51	0.6228
97	56	0.6307
97	58	0.6173
97	60	0.6269
97	80	0.6098
97	97	1
97	98	0.608
97	99	0.6796
97	100	0.6587
97	101	0.6916
97	104	0.5785
97	105	0.6609
97	120	0.6321
97	124	0.6311
97	125	0.6219
97	131	0.6253
97	139	0.61
97	140	0.6551
97	141	0.5938
97	144	0.6201
97	150	0.655
97	151	0.6301
97	152	0.6605
97	158	0.6151
97	160	0.6026
97	169	0.5783
97	182	0.6142
97	194	0.667
97	195	0.6311
97	199	0.6065
97	212	0.6065
97	214	0.6328
97	218	0.6962
97	237	0.6262
97	249	0.6155
98	16	0.6091
98	32	0.5996
98	35	0.623
98	36	0.7312
98	48	0.6098
98	52	0.6668
98	55	0.6555
98	56	0.617
98	57	0.617
98	60	0.6539
98	69	0.5921
98	70	0.5737
98	84	0.6586
98	98	1
98	104	0.6144
98	119	0.5933
98	123	0.617
98	129	0.6622
98	130	0.6622
98	131	0.6622
98	138	0.6048
98	146	0.5387
98	147	0.5605
98	148	0.5899
98	149	0.5899
98	152	0.642
98	157	0.617
98	158	0.6405
98	159	0.5689
98	162	0.5737
98	163	0.642
98	171	0.617
98	194	0.608
98	196	0.5754
98	197	0.6024
98	214	0.6307
98	225	0.6227
98	228	0.5674
98	229	0.5278
98	239	0.5942
98	240	0.601
98	246	0.617
99	36	0.6464
99	46	0.6938
99	50	0.6349
99	51	0.605
99	55	0.6779
99	60	0.6517
99	62	0.5898
99	70	0.5983
99	97	0.6796
99	99	1
99	100	0.7431
99	101	0.7286
99	119	0.5731
99	120	0.6367
99	124	0.6384
99	125	0.7183
99	129	0.5854
99	131	0.5904
99	136	0.6511
99	141	0.5739
99	152	0.6719
99	160	0.6474
99	162	0.6036
99	166	0.6011
99	194	0.6928
99	195	0.6879
99	196	0.597
99	199	0.6892
99	212	0.642
99	214	0.6343
99	218	0.7542
99	223	0.5799
99	226	0.6344
99	237	0.6518
100	22	0.617
100	36	0.6566
100	46	0.7162
100	49	0.6615
100	50	0.6349
100	51	0.5917
100	55	0.6779
100	60	0.6277
100	70	0.6314
100	88	0.6407
100	97	0.6587
100	99	0.7431
100	100	1
100	101	0.746
100	119	0.6064
100	120	0.6574
100	124	0.6992
100	125	0.6952
100	129	0.5854
100	131	0.5904
100	136	0.6551
100	141	0.6405
100	150	0.6225
100	151	0.6229
100	152	0.7048
100	158	0.6317
100	159	0.566
100	160	0.7164
100	162	0.6036
100	163	0.6285
100	184	0.6129
100	191	0.6637
100	194	0.6941
100	195	0.6795
100	196	0.597
100	199	0.6921
100	212	0.642
100	214	0.6343
100	218	0.7542
100	223	0.5799
100	226	0.6344
100	237	0.6833
101	4	0.5492
101	22	0.617
101	23	0.6181
101	31	0.6625
101	34	0.674
101	36	0.6735
101	42	0.6177
101	46	0.7134
101	47	0.6735
101	48	0.6431
101	49	0.6711
101	50	0.6508
101	51	0.5905
101	53	0.6975
101	55	0.6962
101	56	0.6367
101	57	0.5827
101	58	0.6173
101	60	0.6293
101	70	0.6206
101	74	0.6129
101	75	0.6129
101	80	0.6269
101	82	0.6059
101	83	0.6386
101	86	0.5794
101	97	0.6916
101	99	0.7286
101	100	0.746
101	101	1
101	105	0.6628
101	119	0.5731
101	120	0.6575
101	121	0.5963
101	124	0.6468
101	125	0.6887
101	127	0.5818
101	129	0.6375
101	130	0.6236
101	131	0.6375
101	136	0.6551
101	139	0.563
101	141	0.6405
101	143	0.5966
101	144	0.6384
101	150	0.7002
101	151	0.6833
101	152	0.6636
101	153	0.5857
101	154	0.5623
101	157	0.5748
101	158	0.6317
101	160	0.6818
101	162	0.6036
101	163	0.6285
101	166	0.5794
101	168	0.5754
101	171	0.5966
101	172	0.5827
101	194	0.7396
101	195	0.6908
101	196	0.597
101	199	0.7175
101	212	0.642
101	214	0.6343
101	218	0.7302
101	222	0.6086
101	223	0.5815
101	237	0.661
101	238	0.5492
101	245	0.59
101	246	0.5827
101	249	0.6321
101	250	0.5993
102	5	0.6097
102	81	0.6168
102	102	1
102	155	0.6093
102	167	0.6411
102	192	0.6774
102	207	0.7645
102	208	0.6504
102	227	0.5326
103	1	0.6456
103	30	0.5897
103	32	0.5897
103	33	0.5897
103	37	0.6395
103	39	0.583
103	59	0.5897
103	61	0.5947
103	62	0.6498
103	64	0.6171
103	69	0.5897
103	72	0.6575
103	84	0.6255
103	85	0.6039
103	103	1
103	137	0.583
103	161	0.5917
103	177	0.5897
103	243	0.6141
103	244	0.6368
104	21	0.5839
104	32	0.5901
104	41	0.6179
104	48	0.6703
104	54	0.6245
104	78	0.6245
104	98	0.6144
104	104	1
104	128	0.6245
104	134	0.5661
104	154	0.6407
104	162	0.5623
104	164	0.625
104	165	0.6383
104	175	0.6256
104	182	0.6245
104	196	0.6367
104	217	0.6245
104	223	0.5652
104	226	0.6383
104	227	0.5362
104	229	0.5278
105	2	0.6363
105	14	0.6502
105	17	0.6176
105	19	0.6114
105	23	0.6411
105	34	0.6414
105	41	0.6226
105	50	0.6108
105	53	0.6868
105	56	0.6929
105	74	0.6248
105	75	0.6248
105	82	0.6088
105	83	0.6242
105	86	0.5794
105	97	0.6609
105	101	0.6628
105	105	1
105	127	0.5818
105	139	0.5895
105	143	0.6091
105	144	0.5899
105	150	0.6371
105	151	0.6238
105	154	0.5666
105	170	0.6127
105	180	0.6172
105	181	0.5457
105	217	0.5745
105	221	0.6358
105	245	0.6088
105	249	0.6431
105	250	0.5818
106	21	0.5962
106	40	0.577
106	48	0.6246
106	49	0.6181
106	54	0.6328
106	60	0.6813
106	78	0.5818
106	82	0.6378
106	83	0.6383
106	85	0.5944
106	88	0.6258
106	106	1
106	121	0.5975
106	128	0.5774
106	154	0.5774
106	168	0.6378
106	184	0.6188
106	197	0.5944
106	199	0.6347
106	217	0.6141
106	219	0.6134
106	220	0.5873
106	221	0.6128
106	239	0.5676
106	245	0.5957
106	250	0.5957
107	3	0.6692
107	5	0.6236
107	63	0.6083
107	107	1
107	108	0.7631
107	109	0.7631
107	110	0.7631
107	111	0.7631
107	112	0.7631
107	113	0.7282
107	114	0.7282
107	115	0.7282
107	116	0.7231
107	117	0.7631
107	118	0.7282
107	122	0.6576
107	126	0.6576
107	135	0.6832
107	187	0.7007
107	188	0.7007
107	189	0.7007
107	190	0.7007
107	191	0.6804
107	192	0.6804
107	193	0.6327
107	201	0.6386
107	202	0.6386
107	204	0.6386
107	205	0.6327
107	206	0.6581
107	207	0.683
107	208	0.6576
107	209	0.683
107	213	0.7178
107	225	0.5962
107	230	0.6983
107	231	0.6941
107	232	0.6941
107	233	0.6941
107	234	0.6941
107	235	0.6941
107	236	0.6941
107	242	0.6276
107	247	0.6941
108	3	0.6692
108	107	0.7631
108	108	1
108	109	0.7631
108	110	0.7631
108	111	0.7631
108	112	0.7631
108	113	0.7282
108	114	0.7282
108	115	0.7282
108	116	0.7231
108	117	0.7631
108	118	0.7282
108	122	0.6576
108	126	0.6576
108	135	0.683
108	187	0.7007
108	188	0.7007
108	189	0.7007
108	190	0.7007
108	191	0.6804
108	192	0.6804
108	193	0.6327
108	205	0.6327
108	206	0.6581
108	207	0.683
108	208	0.6576
108	209	0.683
108	213	0.6394
108	230	0.6941
108	231	0.6941
108	232	0.6941
108	233	0.6941
108	234	0.6941
108	235	0.6941
108	236	0.6941
108	247	0.6941
109	3	0.6692
109	107	0.7631
109	108	0.7631
109	109	1
109	110	0.7631
109	111	0.7631
109	112	0.7631
109	113	0.7282
109	114	0.7282
109	115	0.7282
109	116	0.7231
109	117	0.7631
109	118	0.7282
109	122	0.6576
109	126	0.6576
109	135	0.683
109	187	0.7007
109	188	0.7007
109	189	0.7007
109	190	0.7007
109	191	0.6804
109	192	0.6804
109	193	0.6327
109	205	0.6327
109	206	0.6581
109	207	0.683
109	208	0.6576
109	209	0.683
109	213	0.6394
109	230	0.6941
109	231	0.6941
109	232	0.6941
109	233	0.6941
109	234	0.6941
109	235	0.6941
109	236	0.6941
109	247	0.6941
110	3	0.6692
110	107	0.7631
110	108	0.7631
110	109	0.7631
110	110	1
110	111	0.7631
110	112	0.7631
110	113	0.7282
110	114	0.7282
110	115	0.7282
110	116	0.7231
110	117	0.7631
110	118	0.7282
110	122	0.6576
110	126	0.6576
110	135	0.683
110	187	0.7007
110	188	0.7007
110	189	0.7007
110	190	0.7007
110	191	0.6804
110	192	0.6804
110	193	0.6327
110	205	0.6327
110	206	0.6581
110	207	0.683
110	208	0.6576
110	209	0.683
110	213	0.6394
110	230	0.6941
110	231	0.6941
110	232	0.6941
110	233	0.6941
110	234	0.6941
110	235	0.6941
110	236	0.6941
110	247	0.6941
111	3	0.7356
111	5	0.6236
111	26	0.6489
111	34	0.6377
111	43	0.7165
111	63	0.6231
111	103	0.5658
111	107	0.7631
111	108	0.7631
111	109	0.7631
111	110	0.7631
111	111	1
111	112	0.7724
111	113	0.7282
111	114	0.7282
111	115	0.7282
111	116	0.7231
111	117	0.7856
111	118	0.7282
111	122	0.6576
111	126	0.6576
111	135	0.683
111	185	0.6629
111	187	0.7007
111	188	0.7096
111	189	0.7007
111	190	0.7007
111	191	0.6804
111	192	0.6804
111	193	0.6327
111	201	0.6189
111	202	0.6189
111	204	0.6189
111	205	0.6327
111	206	0.6581
111	207	0.683
111	208	0.6576
111	209	0.683
111	213	0.6394
111	219	0.6122
111	224	0.6202
111	230	0.6941
111	231	0.6941
111	232	0.6941
111	233	0.7096
111	234	0.6941
111	235	0.6941
111	236	0.6941
111	247	0.7246
112	3	0.6692
112	5	0.6236
112	103	0.5673
112	107	0.7631
112	108	0.7631
112	109	0.7631
112	110	0.7631
112	111	0.7724
112	112	1
112	113	0.7282
112	114	0.7282
112	115	0.7282
112	116	0.7231
112	117	0.7724
112	118	0.7282
112	119	0.5704
112	122	0.6576
112	126	0.6576
112	135	0.683
112	185	0.6629
112	187	0.7007
112	188	0.7096
112	189	0.7007
112	190	0.7007
112	191	0.6804
112	192	0.6804
112	193	0.6327
112	201	0.6133
112	202	0.6133
112	204	0.6133
112	205	0.6327
112	206	0.6581
112	207	0.683
112	208	0.6576
112	209	0.683
112	213	0.6394
112	215	0.6241
112	219	0.6122
112	230	0.6941
112	231	0.6941
112	232	0.6941
112	233	0.7096
112	234	0.6941
112	235	0.6941
112	236	0.6941
112	247	0.7246
113	3	0.6722
113	5	0.6413
113	13	0.6727
113	14	0.6583
113	68	0.6727
113	76	0.6443
113	77	0.6311
113	102	0.6556
113	107	0.7282
113	108	0.7282
113	109	0.7282
113	110	0.7282
113	111	0.7282
113	112	0.7282
113	113	1
113	114	0.7541
113	115	0.7541
113	116	0.7231
113	117	0.7282
113	118	0.7282
113	122	0.6648
113	126	0.6648
113	135	0.683
113	185	0.6583
113	186	0.6334
113	187	0.7007
113	188	0.7007
113	189	0.7007
113	190	0.7007
113	191	0.7234
113	192	0.7342
113	193	0.6399
113	201	0.6133
113	202	0.6133
113	204	0.6133
113	205	0.6327
113	206	0.6581
113	207	0.683
113	208	0.6576
113	209	0.683
113	211	0.6187
113	213	0.6394
113	230	0.6941
113	231	0.6941
113	232	0.6941
113	233	0.6941
113	234	0.6941
113	235	0.6941
113	236	0.6941
113	247	0.6941
114	3	0.6692
114	5	0.6147
114	13	0.6727
114	14	0.6583
114	68	0.6727
114	76	0.6443
114	77	0.6311
114	107	0.7282
114	108	0.7282
114	109	0.7282
114	110	0.7282
114	111	0.7282
114	112	0.7282
114	113	0.7541
114	114	1
114	115	0.7806
114	116	0.7231
114	117	0.7282
114	118	0.7282
114	122	0.6648
114	126	0.6648
114	135	0.683
114	185	0.6583
114	186	0.6334
114	187	0.7007
114	188	0.7007
114	189	0.7007
114	190	0.7007
114	191	0.6804
114	192	0.6912
114	193	0.6399
114	205	0.6327
114	206	0.6581
114	207	0.683
114	208	0.6576
114	209	0.683
114	213	0.6394
114	230	0.6941
114	231	0.6941
114	232	0.6941
114	233	0.6941
114	234	0.6941
114	235	0.6941
114	236	0.6941
114	247	0.6941
115	3	0.6692
115	5	0.6147
115	13	0.6727
115	14	0.6583
115	68	0.6727
115	76	0.6443
115	77	0.6311
115	107	0.7282
115	108	0.7282
115	109	0.7282
115	110	0.7282
115	111	0.7282
115	112	0.7282
115	113	0.7541
115	114	0.7806
115	115	1
115	116	0.7231
115	117	0.7282
115	118	0.7282
115	122	0.6648
115	126	0.6648
115	135	0.683
115	185	0.6583
115	186	0.6334
115	187	0.7007
115	188	0.7007
115	189	0.7007
115	190	0.7007
115	191	0.6804
115	192	0.6912
115	193	0.6399
115	205	0.6327
115	206	0.6581
115	207	0.683
115	208	0.6576
115	209	0.683
115	213	0.6394
115	230	0.6941
115	231	0.6941
115	232	0.6941
115	233	0.6941
115	234	0.6941
115	235	0.6941
115	236	0.6941
115	247	0.6941
116	3	0.6692
116	107	0.7231
116	108	0.7231
116	109	0.7231
116	110	0.7231
116	111	0.7231
116	112	0.7231
116	113	0.7231
116	114	0.7231
116	115	0.7231
116	116	1
116	117	0.7231
116	118	0.7231
116	122	0.654
116	126	0.654
116	127	0.5691
116	135	0.6556
116	185	0.6596
116	187	0.6896
116	188	0.6896
116	189	0.6896
116	190	0.6896
116	193	0.6291
116	209	0.6556
116	211	0.6112
116	213	0.6394
116	230	0.6831
116	231	0.6831
116	232	0.6831
116	233	0.6831
116	234	0.6831
116	235	0.6831
116	236	0.6831
116	247	0.6831
117	3	0.6692
117	5	0.6236
117	34	0.6377
117	63	0.6231
117	103	0.5658
117	107	0.7631
117	108	0.7631
117	109	0.7631
117	110	0.7631
117	111	0.7856
117	112	0.7724
117	113	0.7282
117	114	0.7282
117	115	0.7282
117	116	0.7231
117	117	1
117	118	0.7282
117	122	0.6576
117	126	0.6576
117	135	0.6894
117	185	0.6629
117	187	0.7007
117	188	0.7096
117	189	0.7007
117	190	0.7007
117	191	0.6804
117	192	0.6804
117	193	0.6327
117	200	0.5945
117	201	0.6189
117	202	0.6189
117	204	0.6189
117	205	0.6327
117	206	0.6581
117	207	0.683
117	208	0.6576
117	209	0.683
117	213	0.6394
117	219	0.6122
117	222	0.6085
117	224	0.5988
117	230	0.6941
117	231	0.6941
117	232	0.6941
117	233	0.7096
117	234	0.6941
117	235	0.6941
117	236	0.6941
117	247	0.7246
118	3	0.6692
118	5	0.6236
118	63	0.6083
118	107	0.7282
118	108	0.7282
118	109	0.7282
118	110	0.7282
118	111	0.7282
118	112	0.7282
118	113	0.7282
118	114	0.7282
118	115	0.7282
118	116	0.7231
118	117	0.7282
118	118	1
118	122	0.6576
118	126	0.6576
118	135	0.683
118	187	0.7007
118	188	0.7007
118	189	0.7007
118	190	0.7007
118	191	0.6804
118	192	0.6804
118	193	0.6327
118	201	0.6386
118	202	0.6386
118	204	0.6386
118	205	0.6327
118	206	0.6581
118	207	0.683
118	208	0.6576
118	209	0.683
118	213	0.6394
118	230	0.6983
118	231	0.6941
118	232	0.6941
118	233	0.6941
118	234	0.6941
118	235	0.6941
118	236	0.6941
118	247	0.6941
119	23	0.6429
119	49	0.6419
119	53	0.6819
119	119	1
119	147	0.5504
119	150	0.6429
119	151	0.6429
119	152	0.6411
119	169	0.5888
119	170	0.5897
119	194	0.6175
119	195	0.5938
119	212	0.5731
119	214	0.6093
120	22	0.5885
120	36	0.6759
120	46	0.726
120	50	0.6863
120	55	0.6827
120	57	0.6065
120	69	0.6008
120	97	0.6321
120	99	0.6367
120	100	0.6574
120	101	0.6575
120	120	1
120	123	0.6502
120	124	0.6711
120	125	0.6174
120	127	0.563
120	129	0.5776
120	130	0.5776
120	131	0.5965
120	136	0.5879
120	141	0.6022
120	143	0.6924
120	157	0.6
120	158	0.6553
120	160	0.6159
120	171	0.6317
120	172	0.6673
120	191	0.6437
120	194	0.6492
120	195	0.6492
120	199	0.6277
120	212	0.6367
120	214	0.678
120	216	0.6737
120	218	0.6574
120	237	0.6563
120	246	0.6065
121	2	0.6382
121	4	0.6389
121	6	0.5673
121	9	0.5962
121	40	0.5876
121	51	0.6407
121	65	0.61
121	66	0.6444
121	85	0.5959
121	86	0.6284
121	106	0.5975
121	121	1
121	127	0.5572
121	153	0.6161
121	166	0.5912
121	168	0.5683
121	169	0.6212
121	170	0.6015
121	180	0.6516
121	211	0.6473
121	219	0.6636
121	220	0.6098
121	221	0.6065
121	238	0.6389
121	239	0.5962
121	243	0.6031
122	5	0.5998
122	14	0.6583
122	63	0.6083
122	75	0.6188
122	76	0.6443
122	77	0.6311
122	122	1
122	126	0.7281
122	135	0.6871
122	185	0.6583
122	186	0.6334
122	187	0.7079
122	188	0.7079
122	189	0.7079
122	190	0.7079
122	191	0.7247
122	192	0.7862
122	193	0.7032
122	201	0.6386
122	202	0.6386
122	204	0.6386
122	205	0.6622
122	206	0.6622
122	207	0.6871
122	208	0.6871
122	209	0.6751
122	213	0.6248
123	46	0.6502
123	50	0.6325
123	56	0.6306
123	57	0.6306
123	58	0.6306
123	98	0.617
123	120	0.6502
123	123	1
123	129	0.617
123	130	0.617
123	131	0.617
123	134	0.5314
123	143	0.5974
123	157	0.6306
123	158	0.6747
123	159	0.5749
123	171	0.6306
123	172	0.5974
123	216	0.6384
123	239	0.5741
123	246	0.6306
124	4	0.5826
124	20	0.5904
124	22	0.6243
124	34	0.6685
124	46	0.6927
124	47	0.6595
124	48	0.6136
124	55	0.662
124	69	0.6206
124	97	0.6311
124	99	0.6384
124	100	0.6992
124	101	0.6468
124	120	0.6711
124	123	0.5749
124	124	1
124	125	0.6174
124	129	0.5925
124	130	0.5925
124	131	0.6521
124	136	0.5879
124	138	0.643
124	141	0.5938
124	144	0.5953
124	148	0.5351
124	152	0.702
124	156	0.6667
124	158	0.6066
124	159	0.6958
124	163	0.7261
124	164	0.6026
124	177	0.5925
124	179	0.6048
124	181	0.5983
124	194	0.6314
124	195	0.6314
124	199	0.6468
124	212	0.6277
124	214	0.6406
124	218	0.6992
124	222	0.6229
124	228	0.5709
124	237	0.6314
124	238	0.5826
124	250	0.5979
125	46	0.6427
125	97	0.6219
125	99	0.7183
125	100	0.6952
125	101	0.6887
125	120	0.6174
125	124	0.6174
125	125	1
125	136	0.6262
125	141	0.5739
125	154	0.5623
125	160	0.6705
125	162	0.6036
125	194	0.6513
125	195	0.6513
125	199	0.6565
125	212	0.6271
125	214	0.6343
125	218	0.7303
125	237	0.6174
126	14	0.6762
126	75	0.6213
126	76	0.6443
126	77	0.6311
126	122	0.7281
126	126	1
126	135	0.6871
126	185	0.6762
126	186	0.6513
126	187	0.7079
126	188	0.7079
126	189	0.7079
126	190	0.7079
126	191	0.7247
126	192	0.7862
126	193	0.7032
126	205	0.6622
126	206	0.6622
126	207	0.6871
126	208	0.6871
126	209	0.6751
126	213	0.6248
126	230	0.6523
126	231	0.6523
126	232	0.6523
126	234	0.6523
126	235	0.6523
126	247	0.6523
127	2	0.6743
127	51	0.6056
127	80	0.5971
127	127	1
127	211	0.6231
127	250	0.5818
128	21	0.5868
128	32	0.5731
128	33	0.5731
128	48	0.6175
128	54	0.6268
128	78	0.6245
128	104	0.6245
128	128	1
128	134	0.5658
128	154	0.6175
128	164	0.6268
128	165	0.6268
128	175	0.6203
128	182	0.6268
128	197	0.5933
128	217	0.6268
128	226	0.6268
128	227	0.5362
128	229	0.5278
129	36	0.7112
129	55	0.6926
129	56	0.617
129	57	0.617
129	69	0.5855
129	98	0.6622
129	123	0.617
129	129	1
129	130	0.7369
129	131	0.7369
129	157	0.617
129	158	0.6405
129	159	0.5689
129	171	0.617
129	172	0.5687
129	225	0.6156
129	239	0.5851
129	240	0.5939
129	246	0.617
130	36	0.7112
130	55	0.6926
130	56	0.617
130	57	0.617
130	69	0.5855
130	98	0.6622
130	123	0.617
130	129	0.7369
130	130	1
130	131	0.7369
130	157	0.617
130	158	0.6405
130	159	0.5689
130	171	0.617
130	172	0.5687
130	225	0.6156
130	239	0.5851
130	240	0.5939
130	246	0.617
131	22	0.6543
131	36	0.7112
131	55	0.6926
131	56	0.6568
131	57	0.617
131	58	0.6568
131	69	0.5855
131	97	0.6253
131	98	0.6622
131	123	0.617
131	124	0.6521
131	129	0.7369
131	130	0.7369
131	131	1
131	141	0.5739
131	157	0.6253
131	158	0.6703
131	159	0.5689
131	163	0.6066
131	171	0.617
131	172	0.5687
131	194	0.6021
131	195	0.5938
131	212	0.5691
131	225	0.5958
131	239	0.5741
131	246	0.617
132	18	0.6516
132	24	0.6516
132	25	0.6516
132	42	0.6271
132	44	0.6705
132	87	0.6516
132	89	0.626
132	90	0.6516
132	91	0.6516
132	95	0.6516
132	96	0.6648
132	132	1
132	133	0.746
132	139	0.5878
132	140	0.6516
132	151	0.6012
132	176	0.6516
132	214	0.612
133	17	0.6214
133	18	0.6516
133	24	0.6516
133	25	0.6516
133	63	0.6083
133	87	0.6516
133	90	0.6516
133	91	0.6516
133	92	0.6314
133	94	0.6065
133	95	0.6516
133	96	0.6516
133	132	0.746
133	133	1
133	140	0.6516
133	176	0.6516
133	248	0.6314
134	128	0.5658
134	134	1
134	164	0.6163
134	165	0.6163
135	1	0.6163
135	3	0.6828
135	4	0.5517
135	9	0.6521
135	14	0.6416
135	15	0.6272
135	16	0.599
135	35	0.6083
135	37	0.6142
135	42	0.6155
135	61	0.6109
135	72	0.6382
135	76	0.6276
135	77	0.6145
135	85	0.6201
135	88	0.6303
135	103	0.6551
135	107	0.6832
135	108	0.683
135	109	0.683
135	110	0.683
135	111	0.683
135	112	0.683
135	113	0.683
135	114	0.683
135	115	0.683
135	117	0.6894
135	118	0.683
135	122	0.6871
135	126	0.6871
135	135	1
135	138	0.6142
135	146	0.5387
135	147	0.5605
135	148	0.5465
135	149	0.5458
135	155	0.6336
135	167	0.6233
135	180	0.6362
135	181	0.5617
135	191	0.7247
135	192	0.7247
135	193	0.6622
135	200	0.6301
135	201	0.6092
135	202	0.6092
135	203	0.6028
135	205	0.6622
135	206	0.6935
135	207	0.6935
135	208	0.6935
135	209	0.6922
135	210	0.6028
135	213	0.6583
135	222	0.6303
135	224	0.6027
135	225	0.5962
135	238	0.5517
135	242	0.6448
135	243	0.6583
135	244	0.6092
136	36	0.6676
136	46	0.6525
136	49	0.6592
136	50	0.6084
136	60	0.6499
136	70	0.5899
136	86	0.5986
136	99	0.6511
136	100	0.6551
136	101	0.6551
136	119	0.5829
136	125	0.6262
136	136	1
136	160	0.6522
136	162	0.5869
136	169	0.5892
136	194	0.6182
136	195	0.6202
136	196	0.5855
136	199	0.6426
136	212	0.5869
136	218	0.713
136	223	0.6109
137	30	0.6172
137	32	0.6172
137	33	0.6172
137	37	0.6714
137	39	0.621
137	59	0.6172
137	62	0.6172
137	64	0.583
137	69	0.6078
137	84	0.6129
137	103	0.583
137	137	1
137	161	0.6172
137	229	0.5245
137	241	0.5892
138	16	0.5928
138	61	0.6622
138	72	0.6023
138	124	0.643
138	138	1
138	148	0.5824
138	149	0.5817
138	152	0.6524
138	156	0.5912
138	159	0.5501
138	181	0.5469
138	228	0.5926
138	229	0.5408
138	243	0.6561
138	244	0.5692
139	47	0.641
139	139	1
139	140	0.6931
140	8	0.657
140	9	0.5998
140	12	0.6709
140	17	0.6214
140	18	0.657
140	19	0.6176
140	24	0.657
140	25	0.657
140	26	0.6643
140	42	0.6179
140	44	0.6709
140	45	0.657
140	47	0.674
140	63	0.6231
140	67	0.6643
140	87	0.6516
140	89	0.626
140	90	0.6516
140	91	0.6516
140	92	0.6314
140	94	0.6065
140	95	0.6516
140	96	0.6516
140	97	0.6551
140	132	0.6516
140	133	0.6516
140	139	0.6931
140	140	1
140	151	0.6012
140	176	0.6516
140	181	0.5455
140	215	0.6503
140	248	0.6643
141	22	0.617
141	50	0.6209
141	100	0.6405
141	101	0.6405
141	141	1
141	194	0.6022
141	212	0.5841
142	1	0.6511
142	6	0.5527
142	16	0.6703
142	20	0.6153
142	22	0.6193
142	30	0.6762
142	32	0.6762
142	33	0.6762
142	35	0.7749
142	37	0.6706
142	38	0.6241
142	39	0.6527
142	41	0.6585
142	42	0.6165
142	43	0.7486
142	44	0.7486
142	45	0.6935
142	52	0.6639
142	59	0.6317
142	62	0.6265
142	63	0.6046
142	64	0.6626
142	69	0.632
142	72	0.606
142	75	0.6446
142	79	0.501
142	84	0.6317
142	85	0.6522
142	92	0.6935
142	93	0.6555
142	94	0.6935
142	103	0.6265
142	104	0.6031
142	129	0.5827
142	130	0.5827
142	137	0.6265
142	138	0.5946
142	142	1
142	145	0.6844
142	146	0.6037
142	154	0.6031
142	156	0.6285
142	159	0.5501
142	161	0.6626
142	163	0.6522
142	164	0.648
142	165	0.718
142	166	0.5935
142	172	0.5587
142	177	0.6762
142	178	0.6762
142	179	0.6207
142	182	0.626
142	197	0.627
142	214	0.6638
142	223	0.5928
142	224	0.7503
142	225	0.6001
142	227	0.5384
142	228	0.5884
142	229	0.5384
142	241	0.632
142	244	0.606
143	46	0.6701
143	50	0.6701
143	55	0.6968
143	56	0.6655
143	57	0.6655
143	58	0.6655
143	71	0.5727
143	80	0.6166
143	120	0.6924
143	123	0.5974
143	129	0.5818
143	130	0.5818
143	141	0.5704
143	143	1
143	157	0.6968
143	158	0.6968
143	171	0.6906
143	172	0.6673
143	180	0.6091
143	181	0.5564
143	184	0.6264
143	216	0.6495
143	240	0.5923
143	246	0.6655
143	249	0.6451
144	4	0.5496
144	36	0.6439
144	42	0.6384
144	47	0.663
144	49	0.65
144	51	0.6008
144	60	0.6109
144	88	0.612
144	144	1
144	150	0.6201
144	180	0.6319
144	195	0.609
144	211	0.6114
144	223	0.5523
144	238	0.5496
145	20	0.6024
145	32	0.5913
145	33	0.5853
145	35	0.6525
145	41	0.6901
145	59	0.616
145	64	0.6088
145	66	0.6122
145	78	0.5983
145	84	0.586
145	142	0.6844
145	145	1
145	146	0.6856
145	147	0.7697
145	165	0.6575
145	166	0.5795
145	178	0.6088
145	179	0.5716
145	182	0.5974
145	197	0.6339
145	220	0.576
145	244	0.591
146	41	0.6321
146	59	0.5622
146	145	0.6856
146	146	1
146	147	0.8029
147	4	0.563
147	6	0.5497
147	20	0.5693
147	59	0.5958
147	65	0.6182
147	66	0.5951
147	71	0.5785
147	79	0.5015
147	145	0.7697
147	146	0.8029
147	147	1
147	169	0.5951
147	220	0.5951
147	238	0.563
147	243	0.6001
147	244	0.5684
148	6	0.5906
148	138	0.5824
148	148	1
148	149	0.6839
148	243	0.666
149	6	0.5906
149	138	0.5817
149	148	0.6839
149	149	1
149	243	0.666
150	9	0.5939
150	18	0.6319
150	19	0.615
150	21	0.5766
150	23	0.6818
150	38	0.5621
150	42	0.6177
150	47	0.649
150	49	0.6564
150	53	0.6887
150	56	0.6179
150	58	0.6194
150	65	0.6211
150	66	0.6257
150	71	0.5777
150	80	0.6098
150	84	0.5861
150	86	0.5908
150	89	0.6263
150	97	0.655
150	101	0.7002
150	105	0.6371
150	119	0.6429
150	125	0.5964
150	138	0.5729
150	144	0.6201
150	150	1
150	151	0.7504
150	152	0.6636
150	153	0.619
150	160	0.6415
150	170	0.5937
150	179	0.5878
150	184	0.6295
150	220	0.5757
150	221	0.607
150	249	0.6115
151	23	0.6569
151	38	0.5621
151	49	0.6564
151	53	0.6769
151	65	0.6211
151	66	0.6257
151	70	0.5793
151	71	0.5777
151	84	0.5861
151	86	0.5936
151	97	0.6301
151	101	0.6833
151	105	0.6238
151	119	0.6429
151	139	0.5629
151	144	0.5952
151	150	0.7504
151	151	1
151	153	0.6028
151	160	0.6341
151	170	0.5937
151	179	0.5878
151	194	0.6111
151	217	0.5651
152	1	0.6397
152	5	0.6105
152	6	0.571
152	7	0.6524
152	9	0.6174
152	12	0.66
152	22	0.6257
152	23	0.6435
152	31	0.6688
152	36	0.668
152	40	0.5855
152	46	0.6546
152	47	0.643
152	49	0.622
152	50	0.633
152	53	0.6949
152	55	0.662
152	58	0.6201
152	60	0.6094
152	61	0.5842
152	62	0.5918
152	65	0.6115
152	70	0.6314
152	72	0.6122
152	80	0.6512
152	84	0.6463
152	85	0.5964
152	86	0.5703
152	97	0.6605
152	98	0.642
152	99	0.6719
152	100	0.7048
152	101	0.6636
152	104	0.5952
152	119	0.6411
152	120	0.6371
152	121	0.6028
152	124	0.702
152	125	0.6174
152	129	0.5925
152	130	0.5925
152	131	0.6066
152	136	0.6202
152	138	0.6524
152	143	0.5874
152	144	0.6129
152	145	0.5893
152	148	0.5863
152	149	0.571
152	150	0.6636
152	151	0.6313
152	152	1
152	153	0.6294
152	155	0.6335
152	156	0.5919
152	157	0.5874
152	158	0.6334
152	159	0.593
152	162	0.6148
152	163	0.6541
152	164	0.6069
152	165	0.6067
152	167	0.6304
152	172	0.5604
152	180	0.6237
152	181	0.6118
152	182	0.6299
152	184	0.6251
152	194	0.6442
152	195	0.6371
152	196	0.6084
152	199	0.6816
152	200	0.5779
152	212	0.6139
152	214	0.6491
152	217	0.57
152	218	0.7232
152	222	0.6229
152	225	0.5913
152	237	0.661
152	241	0.6276
152	243	0.6939
152	244	0.5733
153	9	0.5966
153	38	0.6149
153	61	0.5531
153	65	0.6442
153	66	0.6061
153	71	0.5706
153	79	0.5162
153	86	0.5731
153	88	0.607
153	121	0.6161
153	146	0.5387
153	147	0.5605
153	150	0.619
153	151	0.6028
153	153	1
153	166	0.6045
153	169	0.628
153	170	0.5939
153	180	0.624
153	217	0.5622
153	222	0.6109
154	21	0.5774
154	41	0.6179
154	48	0.6175
154	54	0.6175
154	78	0.6175
154	104	0.6407
154	128	0.6175
154	134	0.5286
154	154	1
154	162	0.5623
154	164	0.6175
154	165	0.6175
154	182	0.6175
154	217	0.6175
154	226	0.6175
154	227	0.5362
154	229	0.5278
155	1	0.603
155	5	0.6177
155	15	0.6141
155	75	0.6057
155	86	0.5703
155	148	0.5387
155	149	0.538
155	155	1
155	167	0.6239
155	200	0.5916
155	201	0.6092
155	202	0.6092
155	210	0.6416
155	211	0.6121
155	220	0.61
155	222	0.6067
155	242	0.6336
156	20	0.5911
156	33	0.5714
156	35	0.6295
156	38	0.6106
156	59	0.5598
156	61	0.5843
156	64	0.6648
156	69	0.6
156	85	0.6185
156	124	0.6667
156	138	0.5912
156	145	0.5719
156	156	1
156	159	0.6202
156	163	0.6498
156	177	0.6053
156	178	0.6053
156	179	0.5827
156	181	0.5818
156	223	0.5605
156	224	0.6069
156	240	0.5804
156	241	0.6071
156	244	0.5538
157	55	0.6968
157	56	0.6655
157	57	0.6655
157	58	0.6655
157	71	0.5727
157	98	0.617
157	123	0.6306
157	129	0.617
157	130	0.617
157	131	0.6253
157	143	0.6968
157	157	1
157	158	0.6968
157	159	0.5689
157	171	0.6906
157	172	0.5748
157	225	0.5909
157	239	0.5756
157	240	0.6071
157	246	0.6655
158	22	0.6124
158	36	0.6635
158	46	0.6443
158	50	0.6157
158	55	0.7204
158	56	0.6655
158	57	0.6655
158	58	0.6655
158	62	0.5735
158	69	0.5855
158	98	0.6405
158	99	0.6047
158	100	0.6317
158	120	0.6553
158	123	0.6747
158	125	0.5801
158	129	0.6405
158	130	0.6405
158	131	0.6703
158	141	0.5939
158	143	0.6968
158	157	0.6968
158	158	1
158	159	0.5689
158	163	0.6066
158	171	0.6906
158	172	0.6386
158	194	0.6021
158	195	0.5938
158	199	0.6172
158	212	0.6047
158	214	0.6107
158	237	0.6172
158	239	0.575
158	240	0.5821
158	246	0.6655
159	123	0.5749
159	124	0.6958
159	156	0.6202
159	159	1
159	163	0.6339
159	181	0.5952
160	22	0.5786
160	28	0.6378
160	49	0.6359
160	51	0.6153
160	60	0.6494
160	70	0.5899
160	80	0.6004
160	99	0.6474
160	100	0.7164
160	101	0.6818
160	120	0.6159
160	125	0.6705
160	127	0.5686
160	136	0.6522
160	139	0.5851
160	141	0.5786
160	150	0.6415
160	151	0.6341
160	160	1
160	162	0.5724
160	169	0.5759
160	182	0.6208
160	194	0.6543
160	195	0.6454
160	212	0.5979
160	218	0.7046
160	220	0.5726
160	222	0.6067
160	237	0.6026
160	239	0.5709
160	249	0.6167
161	20	0.5677
161	30	0.6286
161	32	0.6346
161	33	0.6286
161	38	0.572
161	39	0.6172
161	59	0.6801
161	61	0.5554
161	62	0.6514
161	64	0.6995
161	65	0.5875
161	66	0.6027
161	78	0.6171
161	81	0.6233
161	103	0.5917
161	137	0.6172
161	142	0.6626
161	145	0.5871
161	146	0.5462
161	147	0.5719
161	153	0.5833
161	161	1
161	177	0.6303
161	178	0.6516
161	220	0.5711
161	221	0.6289
161	225	0.6719
161	227	0.5327
161	229	0.5315
161	240	0.6357
162	16	0.6048
162	46	0.6801
162	70	0.6736
162	99	0.6036
162	125	0.6036
162	136	0.5869
162	148	0.5519
162	149	0.5519
162	154	0.5623
162	162	1
162	195	0.5971
162	199	0.6036
162	212	0.6416
162	214	0.6552
162	223	0.5572
162	237	0.6351
163	20	0.5554
163	41	0.6774
163	48	0.6202
163	52	0.6357
163	54	0.5921
163	57	0.5768
163	58	0.6328
163	69	0.5996
163	72	0.6272
163	83	0.6077
163	85	0.6121
163	98	0.642
163	99	0.5973
163	100	0.6285
163	123	0.6044
163	124	0.7261
163	127	0.5593
163	129	0.5925
163	130	0.5925
163	131	0.6066
163	134	0.5965
163	138	0.5737
163	141	0.5841
163	142	0.6522
163	152	0.6541
163	156	0.6498
163	157	0.5768
163	158	0.6066
163	159	0.6339
163	163	1
163	164	0.6045
163	165	0.6045
163	179	0.5827
163	181	0.6079
163	196	0.5954
163	197	0.6111
163	212	0.5841
163	218	0.6763
163	219	0.6293
163	223	0.5542
163	224	0.6049
163	237	0.5932
163	246	0.5768
164	2	0.6526
164	20	0.573
164	21	0.582
164	22	0.5999
164	36	0.6813
164	40	0.599
164	41	0.6417
164	48	0.6381
164	54	0.6268
164	60	0.6338
164	64	0.5932
164	78	0.6377
164	80	0.6068
164	82	0.6786
164	83	0.6786
164	104	0.625
164	127	0.5735
164	128	0.6268
164	131	0.5967
164	134	0.6163
164	142	0.648
164	145	0.5787
164	154	0.6175
164	164	1
164	165	0.6932
164	166	0.5901
164	168	0.5717
164	175	0.6203
164	177	0.5932
164	178	0.6016
164	182	0.6636
164	196	0.5589
164	197	0.6155
164	217	0.6731
164	221	0.6242
164	226	0.688
164	227	0.5362
164	250	0.5973
165	20	0.573
165	21	0.6021
165	32	0.5843
165	33	0.5843
165	35	0.6437
165	36	0.6813
165	40	0.599
165	41	0.6417
165	48	0.6579
165	54	0.6268
165	60	0.6267
165	64	0.5932
165	78	0.6377
165	80	0.601
165	82	0.6263
165	83	0.6303
165	104	0.6383
165	128	0.6268
165	134	0.6163
165	142	0.718
165	145	0.6575
165	146	0.583
165	154	0.6175
165	164	0.6932
165	165	1
165	166	0.5783
165	175	0.6256
165	177	0.5932
165	182	0.6603
165	196	0.5589
165	197	0.6155
165	199	0.6017
165	200	0.5638
165	217	0.6421
165	220	0.5735
165	221	0.6382
165	225	0.5817
165	226	0.7085
165	227	0.5362
165	250	0.6084
166	6	0.5555
166	20	0.5696
166	32	0.5761
166	33	0.5761
166	37	0.6294
166	59	0.5427
166	65	0.5835
166	79	0.5058
166	84	0.6042
166	85	0.5942
166	99	0.6011
166	145	0.5795
166	153	0.6045
166	166	1
166	169	0.5835
166	170	0.605
166	179	0.6301
166	243	0.6009
166	244	0.5686
167	5	0.618
167	15	0.6651
167	68	0.6767
167	102	0.6411
167	155	0.6239
167	167	1
167	201	0.6113
167	202	0.6113
167	203	0.6113
167	204	0.6113
167	206	0.6518
167	207	0.6767
167	208	0.7113
167	209	0.6767
167	210	0.6113
167	227	0.5326
168	2	0.7994
168	4	0.562
168	21	0.6325
168	40	0.6242
168	54	0.6117
168	72	0.6262
168	78	0.5845
168	82	0.7994
168	83	0.7994
168	106	0.6378
168	168	1
168	221	0.6101
168	226	0.6199
168	238	0.562
168	240	0.5859
168	245	0.7994
168	250	0.7994
169	4	0.547
169	21	0.597
169	38	0.584
169	49	0.6339
169	61	0.5531
169	65	0.628
169	66	0.6205
169	79	0.5162
169	82	0.5991
169	86	0.5965
169	119	0.5888
169	121	0.6212
169	136	0.5892
169	146	0.5617
169	147	0.5951
169	153	0.628
169	166	0.5835
169	168	0.5758
169	169	1
169	170	0.6023
169	179	0.5814
169	180	0.624
169	220	0.6317
169	238	0.547
169	245	0.5758
170	6	0.5659
170	61	0.554
170	65	0.5939
170	66	0.6226
170	79	0.5162
170	105	0.6127
170	119	0.5897
170	121	0.6015
170	146	0.5319
170	147	0.5504
170	153	0.5939
170	166	0.605
170	169	0.6023
170	170	1
170	220	0.5796
170	221	0.6229
170	243	0.6009
170	245	0.5913
171	22	0.6124
171	55	0.6906
171	56	0.6655
171	57	0.6655
171	58	0.6655
171	71	0.5727
171	80	0.6106
171	98	0.617
171	120	0.6317
171	123	0.6306
171	129	0.617
171	130	0.617
171	131	0.617
171	141	0.5704
171	143	0.6906
171	157	0.6906
171	158	0.6906
171	159	0.5689
171	171	1
171	172	0.6386
171	225	0.5909
171	239	0.5765
171	240	0.6237
171	241	0.6026
171	246	0.6655
172	22	0.6124
172	46	0.641
172	50	0.641
172	56	0.6386
172	57	0.6386
172	58	0.6386
172	120	0.6673
172	123	0.5974
172	143	0.6673
172	157	0.5748
172	158	0.6386
172	171	0.6386
172	172	1
172	216	0.6384
172	246	0.6386
173	173	1
173	174	0.7012
173	175	0.7012
174	173	0.7012
174	174	1
174	175	0.7012
175	48	0.6133
175	54	0.6391
175	78	0.6246
175	104	0.6256
175	128	0.6203
175	154	0.6133
175	164	0.6203
175	165	0.6256
175	173	0.7012
175	174	0.7012
175	175	1
175	182	0.6203
175	217	0.6203
175	226	0.6203
176	17	0.6214
176	18	0.6516
176	24	0.6516
176	25	0.6516
176	87	0.6516
176	90	0.6516
176	91	0.6516
176	95	0.6516
176	96	0.6516
176	132	0.6516
176	133	0.6516
176	140	0.6516
176	176	1
176	248	0.6214
177	16	0.603
177	20	0.5699
177	30	0.6868
177	32	0.6662
177	33	0.674
177	35	0.6612
177	37	0.6547
177	39	0.583
177	52	0.6064
177	59	0.5897
177	62	0.5897
177	64	0.6854
177	69	0.5897
177	71	0.575
177	84	0.6273
177	103	0.5897
177	127	0.5575
177	128	0.5731
177	137	0.583
177	142	0.6762
177	145	0.5858
177	148	0.5419
177	149	0.5413
177	156	0.6053
177	161	0.6303
177	166	0.5772
177	177	1
177	178	0.8142
177	179	0.6048
177	224	0.6552
177	227	0.5327
177	228	0.597
177	229	0.5371
177	241	0.5958
178	16	0.603
178	20	0.5759
178	30	0.6868
178	32	0.6859
178	33	0.674
178	34	0.6428
178	35	0.6612
178	37	0.6547
178	39	0.583
178	52	0.6064
178	59	0.6127
178	60	0.6075
178	62	0.5897
178	64	0.7068
178	69	0.5897
178	71	0.5947
178	81	0.5992
178	84	0.647
178	103	0.5897
178	127	0.5925
178	128	0.5731
178	134	0.5354
178	137	0.583
178	142	0.6762
178	145	0.6088
178	148	0.5436
178	149	0.5429
178	156	0.6053
178	161	0.6516
178	166	0.5772
178	177	0.8142
178	178	1
178	179	0.6048
178	222	0.6196
178	224	0.6289
178	227	0.5327
178	228	0.597
178	250	0.5877
179	1	0.6027
179	20	0.5969
179	35	0.6207
179	37	0.6296
179	38	0.6149
179	39	0.6027
179	41	0.7194
179	64	0.6048
179	66	0.6443
179	79	0.5263
179	85	0.608
179	166	0.6301
179	169	0.5814
179	177	0.6048
179	178	0.6048
179	179	1
179	197	0.628
179	244	0.6027
180	2	0.6826
180	4	0.6403
180	6	0.5673
180	34	0.6744
180	49	0.6205
180	50	0.6539
180	51	0.6403
180	52	0.6298
180	57	0.5768
180	61	0.5531
180	65	0.624
180	86	0.6284
180	88	0.6779
180	105	0.6172
180	121	0.6516
180	127	0.5559
180	143	0.6091
180	144	0.6319
180	146	0.5344
180	147	0.5541
180	153	0.624
180	157	0.5768
180	169	0.624
180	170	0.5783
180	180	1
180	181	0.5457
180	200	0.5738
180	211	0.6209
180	222	0.6413
180	238	0.6403
180	239	0.5746
180	240	0.5807
180	243	0.6031
180	245	0.5789
180	249	0.6198
181	52	0.6067
181	72	0.5996
181	159	0.5952
181	163	0.6079
181	181	1
182	1	0.6483
182	21	0.6026
182	40	0.5864
182	48	0.6819
182	54	0.7085
182	58	0.6488
182	78	0.6353
182	80	0.5974
182	83	0.6232
182	104	0.6245
182	127	0.5735
182	128	0.6268
182	134	0.5283
182	145	0.5974
182	146	0.583
182	154	0.6175
182	160	0.6208
182	164	0.6636
182	165	0.6603
182	168	0.5864
182	175	0.6203
182	182	1
182	217	0.6499
182	226	0.6808
182	227	0.5362
182	241	0.6214
182	245	0.5869
182	250	0.6238
183	10	0.6396
183	11	0.6396
183	24	0.6396
183	25	0.6396
183	26	0.6396
183	27	0.6396
183	28	0.6396
183	29	0.6522
183	87	0.6734
183	89	0.6396
183	90	0.6396
183	91	0.6396
183	93	0.6396
183	94	0.6125
183	95	0.6734
183	96	0.6396
183	183	1
184	2	0.6616
184	20	0.5713
184	21	0.6179
184	23	0.6099
184	34	0.6367
184	39	0.572
184	41	0.6908
184	47	0.6534
184	50	0.6389
184	52	0.6505
184	60	0.6092
184	65	0.6163
184	78	0.5833
184	82	0.6397
184	83	0.6456
184	88	0.6626
184	98	0.6057
184	104	0.5976
184	106	0.6188
184	127	0.5559
184	143	0.6264
184	150	0.6295
184	161	0.5916
184	163	0.6077
184	170	0.5821
184	180	0.6088
184	184	1
184	196	0.5655
184	205	0.5933
184	219	0.6141
184	220	0.594
184	221	0.6463
184	222	0.6071
184	240	0.6098
184	241	0.6149
184	245	0.6397
184	249	0.6574
184	250	0.6005
185	1	0.6091
185	5	0.6375
185	14	0.6762
185	30	0.5752
185	32	0.5989
185	34	0.6666
185	42	0.6378
185	57	0.5827
185	58	0.6244
185	60	0.7058
185	74	0.6188
185	75	0.647
185	76	0.6443
185	77	0.6311
185	116	0.6596
185	122	0.6583
185	126	0.6762
185	134	0.5382
185	139	0.5717
185	184	0.6308
185	185	1
185	186	0.7066
185	192	0.6814
185	193	0.6334
185	201	0.6133
185	202	0.6133
185	204	0.6133
185	205	0.5825
185	210	0.6122
185	211	0.6708
185	215	0.6266
185	217	0.5609
185	219	0.6815
185	222	0.7007
185	225	0.5984
185	230	0.6728
185	231	0.6728
185	232	0.6728
185	233	0.7355
185	234	0.6728
185	235	0.6728
185	236	0.6728
185	247	0.6728
186	5	0.5992
186	14	0.6513
186	77	0.6194
186	185	0.7066
186	186	1
186	192	0.6814
186	193	0.6334
186	230	0.661
186	231	0.661
186	232	0.661
186	233	0.661
186	234	0.661
186	235	0.661
186	236	0.661
186	247	0.661
187	3	0.6547
187	107	0.7007
187	108	0.7007
187	109	0.7007
187	110	0.7007
187	111	0.7007
187	112	0.7007
187	113	0.7007
187	114	0.7007
187	115	0.7007
187	116	0.6896
187	117	0.7007
187	118	0.7007
187	122	0.7079
187	126	0.7079
187	135	0.6871
187	187	1
187	188	0.7938
187	189	0.7938
187	190	0.7938
187	191	0.7247
187	192	0.7559
187	193	0.683
187	205	0.6622
187	206	0.6622
187	207	0.6871
187	208	0.6871
187	209	0.6751
187	213	0.6248
187	230	0.6941
187	231	0.6941
187	232	0.6941
187	233	0.6941
187	234	0.6941
187	235	0.6941
187	236	0.6941
187	247	0.6941
188	3	0.6547
188	5	0.6236
188	107	0.7007
188	108	0.7007
188	109	0.7007
188	110	0.7007
188	111	0.7096
188	112	0.7096
188	113	0.7007
188	114	0.7007
188	115	0.7007
188	116	0.6896
188	117	0.7096
188	118	0.7007
188	122	0.7079
188	126	0.7079
188	135	0.6871
188	185	0.6629
188	187	0.7938
188	188	1
188	189	0.7938
188	190	0.7938
188	191	0.7247
188	192	0.7559
188	193	0.683
188	201	0.6133
188	202	0.6133
188	204	0.6133
188	205	0.6622
188	206	0.6622
188	207	0.6871
188	208	0.6871
188	209	0.6751
188	213	0.6248
188	219	0.6006
188	230	0.6941
188	231	0.6941
188	232	0.6941
188	233	0.7096
188	234	0.6941
188	235	0.6941
188	236	0.6941
188	247	0.7096
189	3	0.6577
189	5	0.6236
189	107	0.7007
189	108	0.7007
189	109	0.7007
189	110	0.7007
189	111	0.7007
189	112	0.7007
189	113	0.7007
189	114	0.7007
189	115	0.7007
189	116	0.6896
189	117	0.7007
189	118	0.7007
189	122	0.7079
189	126	0.7079
189	135	0.6871
189	187	0.7938
189	188	0.7938
189	189	1
189	190	0.7938
189	191	0.7247
189	192	0.7559
189	193	0.683
189	205	0.6622
189	206	0.6622
189	207	0.6871
189	208	0.6871
189	209	0.6751
189	213	0.6248
189	230	0.6941
189	231	0.6941
189	232	0.6941
189	233	0.6941
189	234	0.6941
189	235	0.6941
189	236	0.6941
189	247	0.6941
190	3	0.6547
190	5	0.6236
190	63	0.6231
190	107	0.7007
190	108	0.7007
190	109	0.7007
190	110	0.7007
190	111	0.7007
190	112	0.7007
190	113	0.7007
190	114	0.7007
190	115	0.7007
190	116	0.6896
190	117	0.7007
190	118	0.7007
190	122	0.7079
190	126	0.7079
190	135	0.6871
190	187	0.7938
190	188	0.7938
190	189	0.7938
190	190	1
190	191	0.7247
190	192	0.7559
190	193	0.683
190	201	0.6189
190	202	0.6189
190	204	0.6189
190	205	0.6622
190	206	0.6622
190	207	0.6871
190	208	0.6871
190	209	0.6751
190	213	0.6248
190	230	0.6941
190	231	0.6941
190	232	0.6941
190	233	0.6941
190	234	0.6941
190	235	0.6941
190	236	0.6941
190	247	0.6941
191	30	0.5824
191	63	0.6342
191	88	0.6101
191	100	0.6637
191	102	0.6288
191	107	0.6804
191	108	0.6804
191	109	0.6804
191	110	0.6804
191	112	0.6804
191	113	0.7234
191	114	0.6804
191	115	0.6804
191	117	0.6804
191	118	0.6804
191	120	0.6437
191	122	0.7247
191	126	0.7247
191	135	0.7247
191	184	0.6101
191	187	0.7247
191	188	0.7247
191	189	0.7247
191	190	0.7247
191	191	1
191	192	0.7935
191	193	0.7486
191	205	0.7247
191	206	0.7247
191	207	0.7247
191	208	0.7247
191	209	0.7067
191	214	0.6046
191	228	0.5824
192	5	0.6134
192	14	0.6814
192	30	0.5824
192	63	0.6342
192	68	0.6604
192	76	0.6604
192	77	0.6604
192	88	0.6101
192	100	0.6637
192	102	0.6774
192	107	0.6804
192	108	0.6804
192	109	0.6804
192	110	0.6804
192	112	0.6804
192	113	0.7342
192	114	0.6912
192	115	0.6912
192	116	0.675
192	117	0.6804
192	118	0.6804
192	120	0.6437
192	122	0.7862
192	126	0.7862
192	135	0.7247
192	184	0.6101
192	185	0.6814
192	186	0.6814
192	187	0.7559
192	188	0.7559
192	189	0.7559
192	190	0.7559
192	191	0.7935
192	192	1
192	193	0.8101
192	200	0.576
192	201	0.6224
192	202	0.6224
192	204	0.6224
192	205	0.7247
192	206	0.7247
192	207	0.7247
192	208	0.7247
192	209	0.7067
192	211	0.6607
192	213	0.6686
192	214	0.6046
192	225	0.5941
192	228	0.5824
192	230	0.6652
192	231	0.6652
192	232	0.6652
192	233	0.6652
192	234	0.6652
192	235	0.6652
192	236	0.6652
192	247	0.6652
193	77	0.6194
193	122	0.7032
193	126	0.7032
193	135	0.6622
193	186	0.6334
193	191	0.7486
193	192	0.8101
193	193	1
193	205	0.6622
193	206	0.6622
193	207	0.6622
193	208	0.6622
193	209	0.6502
193	213	0.6248
194	22	0.5786
194	36	0.6743
194	46	0.6942
194	50	0.6238
194	55	0.6634
194	56	0.6128
194	62	0.5735
194	70	0.6206
194	97	0.667
194	98	0.608
194	99	0.6928
194	100	0.6941
194	101	0.7396
194	119	0.6175
194	120	0.6492
194	124	0.6314
194	125	0.6513
194	131	0.6021
194	136	0.6182
194	141	0.6022
194	144	0.5912
194	151	0.6111
194	152	0.6442
194	153	0.5847
194	157	0.5913
194	160	0.6543
194	162	0.5971
194	166	0.5882
194	170	0.5722
194	194	1
194	195	0.7025
194	199	0.6563
194	212	0.6236
194	214	0.6674
194	217	0.5611
194	218	0.7116
194	237	0.6862
194	246	0.5724
195	36	0.6774
195	46	0.6774
195	70	0.6082
195	97	0.6311
195	99	0.6879
195	100	0.6795
195	101	0.6908
195	119	0.5938
195	120	0.6492
195	123	0.5796
195	124	0.6314
195	125	0.6513
195	131	0.5938
195	136	0.6202
195	141	0.5841
195	144	0.609
195	160	0.6454
195	162	0.5971
195	194	0.7025
195	195	1
195	199	0.6657
195	212	0.6214
195	214	0.6674
195	218	0.6879
195	237	0.6862
196	104	0.6367
196	134	0.5459
196	136	0.5855
196	196	1
197	1	0.6433
197	4	0.5456
197	16	0.6332
197	20	0.5991
197	35	0.66
197	37	0.7561
197	38	0.6324
197	39	0.6253
197	40	0.6262
197	41	0.6671
197	52	0.6592
197	61	0.5847
197	64	0.5914
197	69	0.6183
197	72	0.6672
197	78	0.601
197	79	0.5162
197	84	0.665
197	85	0.7
197	88	0.657
197	103	0.5851
197	104	0.5865
197	106	0.5944
197	128	0.5933
197	134	0.5353
197	137	0.5575
197	145	0.6339
197	146	0.576
197	154	0.5865
197	156	0.5914
197	163	0.6111
197	164	0.6155
197	165	0.6155
197	179	0.628
197	197	1
197	223	0.5518
197	224	0.6569
197	227	0.5762
197	229	0.5762
197	238	0.5456
197	241	0.593
197	244	0.6211
198	198	1
198	229	0.5373
199	36	0.6546
199	46	0.6921
199	49	0.6242
199	50	0.6086
199	55	0.6598
199	60	0.6432
199	70	0.5869
199	83	0.6641
199	99	0.6892
199	100	0.6921
199	101	0.7175
199	106	0.6347
199	119	0.5965
199	120	0.6277
199	124	0.6468
199	125	0.6565
199	136	0.6426
199	152	0.6816
199	158	0.6172
199	162	0.6036
199	194	0.6563
199	195	0.6657
199	199	1
199	212	0.6277
199	214	0.6343
199	217	0.5794
199	218	0.6892
199	226	0.6056
199	237	0.661
199	250	0.6171
200	200	1
201	15	0.6028
201	63	0.6083
201	149	0.5325
201	155	0.6092
201	167	0.6113
201	200	0.5944
201	201	1
201	202	0.7264
201	203	0.72
201	204	0.72
201	206	0.637
201	210	0.6307
201	242	0.6308
202	15	0.6028
202	16	0.5985
202	30	0.5788
202	42	0.6377
202	63	0.6083
202	149	0.5325
202	155	0.6092
202	162	0.5831
202	167	0.6113
202	200	0.5944
202	201	0.7264
202	202	1
202	203	0.7384
202	204	0.7539
202	206	0.637
202	210	0.6307
202	211	0.6547
202	242	0.6092
203	15	0.6028
203	42	0.6159
203	167	0.6113
203	201	0.72
203	202	0.7384
203	203	1
203	204	0.7384
203	210	0.6307
204	15	0.6028
204	16	0.5934
204	42	0.6478
204	63	0.6083
204	167	0.6113
204	201	0.72
204	202	0.7539
204	203	0.7384
204	204	1
204	210	0.6307
204	211	0.6547
205	122	0.6622
205	126	0.6622
205	135	0.6622
205	191	0.7247
205	192	0.7247
205	193	0.6622
205	205	1
205	206	0.6622
205	207	0.6622
205	208	0.6622
205	209	0.6502
206	15	0.596
206	68	0.6689
206	122	0.6622
206	126	0.6622
206	135	0.6935
206	155	0.6092
206	167	0.6518
206	191	0.7247
206	192	0.7247
206	193	0.6622
206	200	0.5944
206	201	0.637
206	202	0.637
206	203	0.6058
206	204	0.6058
206	205	0.6622
206	206	1
206	207	0.7729
206	208	0.7508
206	209	0.7508
206	210	0.6058
206	213	0.6334
206	242	0.6092
207	3	0.6583
207	15	0.6209
207	68	0.6938
207	102	0.7645
207	107	0.683
207	108	0.683
207	109	0.683
207	110	0.683
207	111	0.683
207	112	0.683
207	113	0.683
207	114	0.683
207	115	0.683
207	117	0.683
207	118	0.683
207	122	0.6871
207	126	0.6871
207	135	0.6935
207	155	0.6092
207	167	0.6767
207	191	0.7247
207	192	0.7247
207	193	0.6622
207	200	0.5944
207	201	0.637
207	202	0.637
207	203	0.6307
207	204	0.6307
207	205	0.6622
207	206	0.7729
207	207	1
207	208	0.7508
207	209	0.7508
207	210	0.6307
207	213	0.6334
207	242	0.6092
208	5	0.618
208	15	0.6209
208	68	0.6938
208	102	0.6504
208	122	0.6871
208	126	0.6871
208	135	0.6935
208	155	0.6092
208	167	0.7113
208	191	0.7247
208	192	0.7247
208	193	0.6622
208	200	0.5944
208	201	0.637
208	202	0.637
208	203	0.6307
208	204	0.6307
208	205	0.6622
208	206	0.7508
208	207	0.7508
208	208	1
208	209	0.7508
208	210	0.6307
208	213	0.6189
208	227	0.5563
208	242	0.6092
209	3	0.6583
209	15	0.6209
209	16	0.5828
209	34	0.6346
209	52	0.5999
209	68	0.6938
209	107	0.683
209	108	0.683
209	109	0.683
209	110	0.683
209	111	0.683
209	112	0.683
209	113	0.683
209	114	0.683
209	115	0.683
209	117	0.683
209	118	0.683
209	122	0.6751
209	126	0.6751
209	135	0.6922
209	155	0.6092
209	167	0.6767
209	191	0.7067
209	192	0.7067
209	193	0.6502
209	200	0.5944
209	201	0.637
209	202	0.637
209	203	0.6307
209	204	0.6437
209	205	0.6502
209	206	0.7508
209	207	0.7508
209	208	0.7508
209	209	1
209	210	0.6307
209	213	0.6334
209	242	0.6092
210	15	0.6028
210	155	0.6416
210	167	0.6113
210	201	0.6307
210	202	0.6307
210	203	0.6307
210	204	0.6307
210	210	1
211	2	0.767
211	15	0.6
211	38	0.5651
211	40	0.6296
211	42	0.6174
211	43	0.6748
211	51	0.5966
211	65	0.5977
211	66	0.6223
211	81	0.5815
211	82	0.6104
211	83	0.6104
211	121	0.6473
211	127	0.6231
211	144	0.6114
211	153	0.5948
211	155	0.6121
211	168	0.5893
211	180	0.6209
211	185	0.6708
211	202	0.6547
211	204	0.6547
211	211	1
211	219	0.6687
211	225	0.5909
211	226	0.607
211	240	0.6127
211	245	0.576
212	36	0.661
212	46	0.6748
212	70	0.6363
212	99	0.642
212	100	0.642
212	101	0.642
212	119	0.5731
212	120	0.6367
212	124	0.6277
212	125	0.6271
212	136	0.5869
212	141	0.5841
212	162	0.6416
212	194	0.6236
212	195	0.6214
212	199	0.6277
212	212	1
212	214	0.6492
212	226	0.5902
212	237	0.6586
213	3	0.7243
213	15	0.6023
213	107	0.7178
213	135	0.6583
213	155	0.6023
213	213	1
213	225	0.5962
214	35	0.6139
214	46	0.6464
214	55	0.678
214	62	0.5839
214	70	0.5892
214	97	0.6328
214	98	0.6307
214	99	0.6343
214	100	0.6343
214	119	0.6093
214	120	0.678
214	123	0.5758
214	124	0.6406
214	125	0.6343
214	130	0.575
214	141	0.5839
214	142	0.6638
214	152	0.6491
214	157	0.5754
214	158	0.6107
214	162	0.6552
214	172	0.5754
214	194	0.6674
214	195	0.6674
214	196	0.5754
214	199	0.6343
214	212	0.6492
214	214	1
214	215	0.648
214	216	0.6347
214	237	0.678
214	246	0.5754
215	7	0.6574
215	8	0.6574
215	10	0.6574
215	11	0.6574
215	12	0.6574
215	19	0.6624
215	43	0.7049
215	44	0.671
215	45	0.6574
215	47	0.6977
215	68	0.6574
215	139	0.5906
215	140	0.6503
215	214	0.648
215	215	1
216	46	0.6848
216	50	0.6848
216	120	0.6737
216	123	0.6384
216	143	0.6495
216	172	0.6384
216	214	0.6347
216	216	1
217	21	0.6021
217	40	0.5807
217	48	0.627
217	54	0.627
217	70	0.5703
217	78	0.6377
217	82	0.625
217	83	0.633
217	104	0.6245
217	106	0.6141
217	128	0.6268
217	154	0.6175
217	164	0.6731
217	165	0.6421
217	175	0.6203
217	182	0.6499
217	217	1
217	226	0.6731
217	227	0.5362
218	1	0.676
218	2	0.6841
218	20	0.5571
218	22	0.6158
218	23	0.6299
218	31	0.6534
218	33	0.5694
218	34	0.7031
218	36	0.6739
218	38	0.563
218	39	0.5812
218	41	0.6198
218	42	0.6171
218	46	0.6938
218	47	0.6862
218	48	0.6312
218	49	0.6368
218	50	0.6349
218	51	0.5958
218	52	0.6148
218	53	0.6607
218	55	0.6779
218	58	0.6406
218	60	0.6546
218	66	0.5986
218	70	0.6128
218	80	0.6269
218	82	0.6581
218	83	0.6102
218	85	0.6013
218	88	0.6583
218	97	0.6962
218	98	0.6353
218	99	0.7542
218	100	0.7542
218	101	0.7302
218	104	0.5808
218	105	0.6378
218	106	0.601
218	119	0.5731
218	120	0.6574
218	121	0.632
218	124	0.6992
218	125	0.7303
218	127	0.5559
218	129	0.5854
218	131	0.6
218	136	0.713
218	139	0.563
218	140	0.6372
218	141	0.6022
218	143	0.5903
218	144	0.6384
218	150	0.6411
218	151	0.6057
218	152	0.7232
218	153	0.5857
218	154	0.5808
218	158	0.6138
218	159	0.566
218	160	0.7046
218	161	0.5962
218	162	0.6036
218	163	0.6763
218	164	0.6152
218	166	0.6109
218	170	0.5618
218	182	0.6494
218	184	0.6366
218	194	0.7116
218	195	0.6879
218	196	0.6449
218	197	0.6294
218	199	0.6892
218	211	0.6114
218	212	0.6363
218	214	0.6521
218	217	0.5706
218	218	1
218	219	0.6385
218	221	0.6581
218	222	0.6229
218	223	0.6001
218	226	0.6542
218	237	0.6518
218	239	0.58
218	241	0.6636
218	244	0.5512
218	249	0.6187
219	2	0.6399
219	52	0.6214
219	53	0.636
219	60	0.615
219	65	0.6051
219	66	0.5991
219	80	0.6148
219	88	0.6081
219	106	0.6134
219	121	0.6636
219	127	0.5732
219	161	0.5933
219	163	0.6293
219	184	0.6141
219	185	0.6815
219	196	0.5655
219	211	0.6687
219	219	1
219	224	0.5987
219	233	0.6815
220	21	0.6196
220	51	0.5861
220	60	0.6102
220	65	0.5839
220	66	0.6283
220	82	0.6279
220	106	0.5873
220	121	0.6098
220	145	0.576
220	146	0.5617
220	147	0.5951
220	155	0.61
220	168	0.5667
220	169	0.6317
220	170	0.5796
220	220	1
220	221	0.7363
220	245	0.5754
221	2	0.6899
221	4	0.5863
221	21	0.6103
221	40	0.5773
221	48	0.6094
221	51	0.6154
221	53	0.6771
221	60	0.6282
221	65	0.5909
221	66	0.6595
221	78	0.5986
221	82	0.6424
221	83	0.6424
221	86	0.6012
221	104	0.5976
221	105	0.6358
221	106	0.6128
221	121	0.6065
221	145	0.576
221	146	0.5617
221	147	0.5951
221	161	0.6289
221	164	0.6242
221	165	0.6382
221	168	0.6101
221	169	0.6038
221	170	0.6229
221	180	0.5927
221	184	0.6463
221	217	0.5715
221	218	0.6581
221	220	0.7363
221	221	1
221	238	0.5863
221	240	0.6547
221	245	0.6747
221	250	0.6018
222	1	0.6176
222	16	0.6027
222	30	0.5721
222	32	0.5989
222	34	0.6574
222	42	0.6425
222	48	0.6293
222	49	0.6158
222	51	0.5901
222	52	0.6152
222	55	0.6791
222	60	0.6634
222	61	0.5531
222	64	0.5855
222	65	0.6056
222	66	0.6045
222	70	0.6039
222	80	0.6132
222	82	0.6111
222	84	0.5918
222	86	0.5641
222	88	0.7255
222	106	0.5938
222	124	0.6229
222	128	0.5604
222	134	0.5382
222	136	0.5949
222	144	0.5975
222	146	0.5617
222	147	0.5951
222	153	0.6109
222	155	0.6067
222	156	0.5877
222	160	0.6067
222	162	0.5774
222	166	0.5979
222	169	0.5908
222	171	0.5944
222	177	0.6027
222	178	0.6196
222	180	0.6413
222	185	0.7007
222	200	0.5738
222	205	0.5759
222	220	0.5984
222	222	1
222	223	0.5652
222	224	0.596
222	240	0.5899
222	245	0.5938
223	38	0.5744
223	136	0.6109
223	223	1
224	1	0.6027
224	20	0.5602
224	30	0.6391
224	32	0.6289
224	33	0.6228
224	35	0.7002
224	37	0.6443
224	39	0.583
224	41	0.6378
224	52	0.6318
224	59	0.5957
224	62	0.5897
224	64	0.5957
224	69	0.6414
224	72	0.606
224	84	0.5967
224	85	0.6318
224	88	0.6507
224	103	0.5897
224	137	0.583
224	142	0.7503
224	145	0.5809
224	156	0.6069
224	163	0.6049
224	177	0.6552
224	178	0.6289
224	179	0.5943
224	181	0.5787
224	197	0.6569
224	219	0.5987
224	223	0.5518
224	224	1
224	228	0.6008
224	229	0.538
224	241	0.6485
224	244	0.5943
225	20	0.5852
225	57	0.5909
225	59	0.5809
225	65	0.5936
225	98	0.6227
225	123	0.5741
225	129	0.6156
225	130	0.6156
225	131	0.5958
225	137	0.5326
225	146	0.5445
225	147	0.5693
225	157	0.5909
225	161	0.6719
225	171	0.5909
225	225	1
225	229	0.535
225	239	0.5942
225	240	0.6255
225	246	0.5741
226	2	0.6279
226	21	0.6021
226	40	0.6199
226	48	0.6766
226	54	0.6766
226	66	0.6308
226	70	0.5793
226	78	0.6377
226	82	0.6476
226	83	0.648
226	99	0.6344
226	100	0.6344
226	104	0.6383
226	127	0.5735
226	128	0.6268
226	154	0.6175
226	164	0.688
226	165	0.7085
226	168	0.6199
226	175	0.6203
226	182	0.6808
226	199	0.6056
226	212	0.5902
226	217	0.6731
226	218	0.6542
226	220	0.5735
226	226	1
226	227	0.5362
226	237	0.5931
226	245	0.584
226	250	0.598
227	37	0.6164
227	40	0.6099
227	227	1
227	228	0.6635
227	229	0.6821
228	16	0.5887
228	30	0.6328
228	37	0.6164
228	40	0.5829
228	71	0.617
228	138	0.5926
228	177	0.597
228	178	0.597
228	224	0.6008
228	227	0.6635
228	228	1
228	229	0.6951
229	37	0.6164
229	40	0.5923
229	71	0.5763
229	227	0.6821
229	228	0.6951
229	229	1
230	3	0.6511
230	5	0.6236
230	14	0.6457
230	86	0.5941
230	107	0.6983
230	108	0.6941
230	109	0.6941
230	110	0.6941
230	111	0.6941
230	112	0.6941
230	113	0.6941
230	114	0.6941
230	115	0.6941
230	116	0.6831
230	117	0.6941
230	118	0.6983
230	185	0.6728
230	186	0.661
230	187	0.6941
230	188	0.6941
230	189	0.6941
230	190	0.6941
230	201	0.6255
230	202	0.6255
230	204	0.6255
230	221	0.6072
230	230	1
230	231	0.767
230	232	0.767
230	233	0.767
230	234	0.767
230	235	0.767
230	236	0.767
230	247	0.767
231	14	0.6457
231	107	0.6941
231	108	0.6941
231	109	0.6941
231	110	0.6941
231	111	0.6941
231	112	0.6941
231	113	0.6941
231	114	0.6941
231	115	0.6941
231	116	0.6831
231	117	0.6941
231	118	0.6941
231	185	0.6728
231	186	0.661
231	187	0.6941
231	188	0.6941
231	189	0.6941
231	190	0.6941
231	230	0.767
231	231	1
231	232	0.7881
231	233	0.7881
231	234	0.767
231	235	0.767
231	236	0.767
231	247	0.767
232	5	0.6236
232	14	0.6457
232	57	0.5927
232	63	0.6034
232	80	0.6054
232	107	0.6941
232	108	0.6941
232	109	0.6941
232	110	0.6941
232	111	0.6941
232	112	0.6941
232	113	0.6941
232	114	0.6941
232	115	0.6941
232	116	0.6831
232	117	0.6941
232	118	0.6941
232	127	0.5737
232	171	0.5927
232	172	0.5597
232	185	0.6728
232	186	0.661
232	187	0.6941
232	188	0.6941
232	189	0.6941
232	190	0.6941
232	201	0.6058
232	204	0.6058
232	228	0.5869
232	230	0.767
232	231	0.7881
232	232	1
232	233	0.7881
232	234	0.767
232	235	0.767
232	236	0.767
232	241	0.5936
232	247	0.767
233	5	0.6236
233	14	0.6457
233	107	0.6941
233	108	0.6941
233	109	0.6941
233	110	0.6941
233	111	0.7096
233	112	0.7096
233	113	0.6941
233	114	0.6941
233	115	0.6941
233	116	0.6831
233	117	0.7096
233	118	0.6941
233	185	0.7355
233	186	0.661
233	187	0.6941
233	188	0.7096
233	189	0.6941
233	190	0.6941
233	219	0.6815
233	230	0.767
233	231	0.7881
233	232	0.7881
233	233	1
233	234	0.767
233	235	0.767
233	236	0.767
233	247	0.767
234	14	0.6457
234	107	0.6941
234	108	0.6941
234	109	0.6941
234	110	0.6941
234	111	0.6941
234	112	0.6941
234	113	0.6941
234	114	0.6941
234	115	0.6941
234	116	0.6831
234	117	0.6941
234	118	0.6941
234	185	0.6728
234	186	0.661
234	187	0.6941
234	188	0.6941
234	189	0.6941
234	190	0.6941
234	230	0.767
234	231	0.767
234	232	0.767
234	233	0.767
234	234	1
234	235	0.767
234	236	0.767
234	247	0.767
235	14	0.6457
235	81	0.5815
235	107	0.6941
235	108	0.6941
235	109	0.6941
235	110	0.6941
235	111	0.6941
235	112	0.6941
235	113	0.6941
235	114	0.6941
235	115	0.6941
235	116	0.6831
235	117	0.6941
235	118	0.6941
235	185	0.6728
235	186	0.661
235	187	0.6941
235	188	0.6941
235	189	0.6941
235	190	0.6941
235	230	0.767
235	231	0.767
235	232	0.767
235	233	0.767
235	234	0.767
235	235	1
235	236	0.767
235	247	0.767
236	14	0.6703
236	60	0.6333
236	76	0.6384
236	77	0.6384
236	81	0.5815
236	107	0.6941
236	108	0.6941
236	109	0.6941
236	110	0.6941
236	111	0.6941
236	112	0.6941
236	113	0.6941
236	114	0.6941
236	115	0.6941
236	116	0.6831
236	117	0.6941
236	118	0.6941
236	153	0.5782
236	163	0.6162
236	185	0.6728
236	186	0.661
236	187	0.6941
236	188	0.6941
236	189	0.6941
236	190	0.6941
236	200	0.5951
236	211	0.6393
236	219	0.6179
236	230	0.767
236	231	0.767
236	232	0.767
236	233	0.767
236	234	0.767
236	235	0.767
236	236	1
236	247	0.767
237	36	0.6915
237	46	0.7106
237	47	0.6655
237	55	0.6573
237	70	0.6351
237	97	0.6262
237	99	0.6518
237	100	0.6833
237	101	0.661
237	119	0.5731
237	120	0.6563
237	124	0.6314
237	125	0.6174
237	136	0.5899
237	143	0.5903
237	144	0.5912
237	152	0.661
237	158	0.6172
237	160	0.6026
237	162	0.6351
237	181	0.5716
237	194	0.6862
237	195	0.6862
237	199	0.661
237	212	0.6586
237	214	0.678
237	223	0.5831
237	226	0.5931
237	237	1
238	2	0.6539
238	4	0.706
238	51	0.706
238	121	0.6389
238	147	0.563
238	168	0.562
238	180	0.6403
238	238	1
239	49	0.6136
239	121	0.5962
239	123	0.5741
239	129	0.5851
239	130	0.5851
239	157	0.5756
239	225	0.5942
239	239	1
239	240	0.6223
239	246	0.5741
240	4	0.5488
240	20	0.5633
240	21	0.5774
240	38	0.5662
240	56	0.6237
240	57	0.6071
240	61	0.5507
240	82	0.6113
240	123	0.5741
240	129	0.5939
240	130	0.5939
240	143	0.5923
240	157	0.6071
240	161	0.6357
240	168	0.5859
240	171	0.6237
240	184	0.6098
240	211	0.6127
240	220	0.5754
240	221	0.6547
240	225	0.6255
240	238	0.5488
240	239	0.6223
240	240	1
240	245	0.6113
240	246	0.5741
240	250	0.6027
241	1	0.6245
241	30	0.5796
241	32	0.5902
241	33	0.5796
241	35	0.6485
241	37	0.6693
241	39	0.5892
241	57	0.6026
241	58	0.6495
241	59	0.5643
241	64	0.5863
241	69	0.6507
241	80	0.6107
241	84	0.6216
241	85	0.5905
241	127	0.5611
241	137	0.5892
241	156	0.6071
241	171	0.6026
241	172	0.5695
241	177	0.5958
241	179	0.5821
241	182	0.6214
241	184	0.6149
241	197	0.593
241	218	0.6636
241	224	0.6485
241	229	0.5349
241	241	1
241	246	0.5695
242	15	0.6272
242	148	0.5387
242	149	0.538
242	155	0.6336
242	200	0.5944
242	201	0.6308
242	202	0.6092
242	203	0.6028
242	210	0.6028
242	225	0.5962
242	242	1
243	1	0.6402
243	4	0.5624
243	6	0.7007
243	9	0.6838
243	10	0.6365
243	12	0.7194
243	16	0.5973
243	51	0.5817
243	61	0.6583
243	66	0.6009
243	72	0.6236
243	74	0.6009
243	79	0.501
243	84	0.6058
243	85	0.6583
243	86	0.6031
243	103	0.6141
243	119	0.5703
243	121	0.6031
243	128	0.5616
243	135	0.6583
243	137	0.5389
243	138	0.6561
243	146	0.5475
243	147	0.6001
243	148	0.666
243	149	0.666
243	152	0.6939
243	159	0.563
243	166	0.6009
243	170	0.6009
243	180	0.6031
243	181	0.5773
243	217	0.5616
243	220	0.5687
243	227	0.5437
243	229	0.5437
243	238	0.5624
243	243	1
243	244	0.6489
244	1	0.6091
244	37	0.6275
244	39	0.5671
244	61	0.5692
244	72	0.6672
244	85	0.6101
244	88	0.5997
244	103	0.6368
244	145	0.591
244	146	0.5439
244	147	0.5684
244	179	0.6027
244	197	0.6211
244	243	0.6489
244	244	1
245	2	0.7994
245	4	0.562
245	21	0.622
245	40	0.6242
245	50	0.6089
245	54	0.6041
245	72	0.6262
245	78	0.5845
245	82	0.7998
245	83	0.7998
245	106	0.5957
245	168	0.7994
245	170	0.5913
245	184	0.6397
245	220	0.5754
245	221	0.6747
245	238	0.562
245	240	0.6113
245	245	1
245	250	0.7994
246	22	0.6124
246	55	0.6655
246	56	0.6655
246	57	0.6655
246	58	0.6655
246	98	0.617
246	123	0.6306
246	129	0.617
246	130	0.617
246	131	0.617
246	143	0.6655
246	157	0.6655
246	158	0.6655
246	159	0.5689
246	171	0.6655
246	172	0.6386
246	239	0.5741
246	246	1
247	4	0.5492
247	5	0.6236
247	14	0.6457
247	80	0.6089
247	107	0.6941
247	108	0.6941
247	109	0.6941
247	110	0.6941
247	111	0.7246
247	112	0.7246
247	113	0.6941
247	114	0.6941
247	115	0.6941
247	116	0.6831
247	117	0.7246
247	118	0.6941
247	185	0.6728
247	186	0.661
247	187	0.6941
247	188	0.7096
247	189	0.6941
247	190	0.6941
247	211	0.6215
247	219	0.6443
247	230	0.767
247	231	0.767
247	232	0.767
247	233	0.767
247	234	0.767
247	235	0.767
247	236	0.767
247	238	0.5492
247	247	1
247	250	0.579
248	7	0.6528
248	9	0.5919
248	12	0.6995
248	14	0.6445
248	17	0.6214
248	18	0.6529
248	19	0.6176
248	26	0.6643
248	63	0.6083
248	67	0.7939
248	68	0.6857
248	74	0.677
248	75	0.677
248	76	0.677
248	92	0.6314
248	94	0.6065
248	133	0.6314
248	140	0.6643
248	176	0.6214
248	248	1
249	2	0.6325
249	17	0.6176
249	18	0.6357
249	19	0.6098
249	22	0.5786
249	31	0.6286
249	34	0.6414
249	50	0.6271
249	53	0.6397
249	54	0.5944
249	57	0.5827
249	93	0.6417
249	105	0.6431
249	139	0.5895
249	141	0.5786
249	143	0.6451
249	144	0.5914
249	157	0.5748
249	160	0.6167
249	170	0.5779
249	171	0.5966
249	172	0.5827
249	180	0.6198
249	181	0.5564
249	184	0.6574
249	246	0.5827
249	249	1
250	1	0.6243
250	2	0.7994
250	4	0.562
250	21	0.622
250	40	0.6242
250	54	0.6328
250	72	0.6262
250	78	0.6132
250	82	0.7994
250	83	0.7994
250	106	0.5957
250	127	0.5818
250	165	0.6084
250	168	0.7994
250	182	0.6238
250	199	0.6171
250	226	0.598
250	238	0.562
250	240	0.6027
250	245	0.7994
250	250	1
