1	1	1
1	2	0.7486
2	1	0.7486
2	2	1
3	3	1
4	4	1
4	35	0.6906
4	68	0.6906
4	71	0.8632
4	88	0.6906
4	89	0.6906
4	123	0.6906
4	137	0.8632
4	142	0.6906
4	148	0.6906
4	155	0.6906
4	159	0.6906
4	194	0.6906
4	227	0.6529
4	258	0.6906
4	290	0.6906
5	5	1
5	100	0.7956
5	139	0.7956
5	274	0.7956
6	6	1
6	26	0.6553
6	44	0.536
6	52	0.7043
6	61	0.536
6	64	0.8357
6	83	0.536
6	102	0.8357
6	114	0.8357
6	116	0.536
6	119	0.536
6	121	0.536
6	146	0.536
6	150	0.8357
6	195	0.7199
6	235	0.536
6	247	0.7199
6	264	0.536
6	281	0.8357
6	282	0.6553
6	286	0.8243
6	304	0.6553
7	7	1
7	69	0.5945
7	73	0.5945
7	74	0.7242
7	90	0.5945
7	98	0.5945
7	108	0.5945
7	147	0.5945
7	156	0.5945
7	157	0.5945
7	179	0.5945
7	190	0.9557
7	196	0.5945
7	208	0.5945
7	214	0.5945
7	222	0.5945
7	256	0.5945
7	263	0.8486
7	302	0.5945
8	8	1
8	24	0.8243
8	45	0.9
8	55	0.7158
8	75	0.7286
8	84	0.9
8	96	0.7286
8	99	0.7158
8	106	0.7286
8	110	0.8243
8	166	0.7158
8	177	0.7286
8	178	0.7158
8	197	0.7158
8	200	0.7286
8	238	0.7158
8	262	0.7158
8	271	0.8243
8	272	0.7158
8	276	0.7286
8	278	0.9
8	294	0.8243
8	299	0.7286
8	306	0.7286
9	9	1
9	41	0.8357
9	109	0.8357
9	111	0.8357
9	167	0.708
9	240	0.8357
9	249	0.7729
9	254	0.8357
9	280	0.8357
10	10	1
10	32	0.588
10	82	0.588
10	202	0.8138
10	241	0.8138
10	305	0.6973
11	11	1
11	16	0.7663
11	28	0.6463
11	48	0.6463
11	138	0.6463
11	140	0.7875
11	151	0.6463
11	172	0.7875
11	202	0.6463
11	206	0.7875
11	224	0.6463
11	230	0.6463
11	250	0.6463
11	267	0.6463
11	273	0.6463
12	12	1
12	58	0.7158
12	62	0.7158
12	85	0.7158
12	105	0.7158
12	134	0.9557
12	153	0.7158
12	161	0.7158
12	182	0.9
12	212	0.7158
12	220	0.7158
12	296	0.7158
13	13	1
13	56	0.8243
13	128	0.8243
13	171	0.8243
13	186	0.7486
13	187	0.7486
13	216	0.8243
13	234	0.8243
13	252	0.8243
14	14	1
14	17	0.7007
14	36	0.7007
14	64	0.7601
14	102	0.7601
14	114	0.7007
14	145	0.7601
14	150	0.7601
14	199	0.7601
14	205	0.525
14	215	0.7007
14	228	0.7601
14	253	0.7601
14	281	0.7601
15	15	1
15	118	0.7242
15	120	0.8632
15	225	0.7242
15	244	0.8632
15	289	0.7242
15	301	0.7242
16	11	0.7663
16	16	1
16	28	0.6463
16	48	0.6463
16	138	0.6463
16	140	0.7663
16	151	0.6463
16	172	0.7663
16	202	0.6463
16	206	0.7663
16	224	0.6463
16	230	0.6463
16	250	0.6463
16	267	0.6463
16	273	0.6463
17	14	0.7007
17	17	1
17	21	0.8043
17	36	0.8486
17	64	0.8043
17	90	0.7729
17	102	0.7007
17	114	0.8486
17	145	0.8486
17	150	0.7007
17	184	0.8043
17	199	0.7007
17	205	0.525
17	215	0.7007
17	228	0.7007
17	253	0.7007
17	281	0.7007
17	286	0.8486
18	18	1
18	64	0.7956
18	117	0.7956
18	145	0.7956
18	170	0.6973
18	281	0.7956
19	19	1
19	46	0.8357
19	49	0.8357
19	97	1
19	136	0.7333
19	163	0.8357
19	188	0.7333
19	263	0.8357
19	270	0.7333
19	275	0.7333
19	287	0.7333
20	20	1
20	63	0.501
20	70	0.501
20	112	0.7956
20	154	0.501
20	164	0.501
20	217	0.501
20	257	0.501
20	284	0.501
20	297	0.501
21	17	0.8043
21	21	1
21	36	0.8043
21	64	0.8043
21	90	0.7729
21	114	0.8043
21	145	0.8043
21	184	0.8043
21	286	0.8043
22	22	1
22	37	0.5717
22	39	0.8486
22	40	0.7542
22	43	0.6675
22	47	0.6675
22	51	0.8486
22	72	0.6675
22	77	0.7542
22	92	0.5353
22	95	0.5353
22	113	0.5353
22	122	0.9557
22	126	0.7542
22	129	0.7542
22	132	0.5717
22	133	0.5353
22	149	0.5353
22	152	0.5353
22	169	0.6675
22	176	0.5353
22	180	0.5353
22	181	0.6675
22	183	1
22	189	0.5717
22	198	0.7542
22	207	0.7542
22	209	0.5353
22	211	0.5353
22	213	0.7542
22	221	0.5353
22	223	0.5353
22	226	0.5353
22	232	0.5717
22	245	0.5353
22	259	0.5717
22	261	0.5717
22	266	0.5353
22	277	0.5353
22	279	0.5717
22	283	0.5353
22	300	0.5717
22	303	0.6675
23	14	0.525
23	23	1
23	29	0.7432
23	37	0.5717
23	43	0.5717
23	47	0.5717
23	65	0.7542
23	72	0.5717
23	114	0.7432
23	122	0.5717
23	132	0.5717
23	145	0.7432
23	169	0.5717
23	181	0.5717
23	183	0.5717
23	189	0.5717
23	199	0.525
23	205	0.525
23	215	0.525
23	217	0.8138
23	228	0.525
23	232	0.5717
23	239	0.7432
23	253	0.525
23	259	0.5717
23	261	0.5717
23	279	0.5717
23	286	0.7432
23	300	0.5717
23	303	0.5717
24	8	0.8243
24	24	1
24	45	0.7286
24	75	0.7286
24	84	0.7286
24	96	0.7286
24	106	0.7286
24	110	0.8243
24	177	0.7286
24	200	0.7286
24	271	0.8243
24	276	0.7286
24	294	0.8243
24	299	0.7286
24	306	0.7286
25	25	1
25	251	0.6165
25	252	0.7875
25	253	0.6165
25	268	0.6165
26	6	0.6553
26	26	1
26	44	0.536
26	52	0.536
26	61	0.536
26	83	0.536
26	102	0.6553
26	116	0.536
26	119	0.536
26	121	0.536
26	146	0.536
26	150	0.6553
26	235	0.536
26	264	0.536
26	281	0.6553
26	282	1
26	304	0.6553
27	27	1
27	114	0.6785
27	117	0.6785
27	131	0.6785
27	145	0.6785
27	184	0.6785
27	199	0.6785
28	11	0.6463
28	16	0.6463
28	28	1
28	29	0.7663
28	48	0.7663
28	138	0.88
28	140	0.6463
28	151	0.6463
28	172	0.6463
28	202	0.6463
28	206	0.6463
28	224	0.88
28	230	0.7663
28	250	0.7663
28	267	0.7663
28	273	0.7663
29	6	0.536
29	11	0.6463
29	14	0.525
29	16	0.6463
29	23	0.7432
29	26	0.536
29	28	0.7663
29	29	1
29	30	0.6939
29	31	0.8632
29	36	0.7729
29	44	0.536
29	48	0.9243
29	52	0.536
29	61	0.536
29	64	0.7729
29	65	0.7729
29	66	0.6939
29	83	0.536
29	87	0.7729
29	114	0.7432
29	116	0.8486
29	119	0.536
29	121	0.9243
29	138	0.9243
29	140	0.6463
29	145	0.7729
29	146	0.536
29	151	0.6463
29	165	0.6939
29	172	0.6463
29	199	0.525
29	202	0.6463
29	205	0.525
29	206	0.6463
29	215	0.525
29	217	0.7432
29	224	0.7663
29	228	0.7729
29	230	0.9243
29	235	0.8043
29	239	0.9243
29	250	0.7663
29	253	0.525
29	264	0.536
29	267	0.7663
29	273	0.7663
29	282	0.536
29	286	0.7729
29	304	0.536
30	29	0.6939
30	30	1
30	31	0.6939
30	66	0.9
30	121	0.6939
30	138	0.6939
30	165	0.9
30	239	0.6939
31	29	0.8632
31	30	0.6939
31	31	1
31	66	0.6939
31	121	0.7875
31	138	0.7875
31	165	0.6939
31	239	0.7875
32	10	0.588
32	32	1
32	82	1
32	202	0.588
32	241	0.588
32	305	0.588
33	33	1
33	86	0.7043
33	93	0.7043
33	158	0.7043
33	210	0.7043
34	34	1
34	99	0.7956
34	103	0.9
34	173	0.6702
34	174	0.6702
35	4	0.6906
35	35	1
35	68	0.7956
35	71	0.6906
35	88	0.7956
35	89	0.7956
35	123	0.6906
35	137	0.6906
35	142	0.7956
35	148	0.6906
35	155	0.6906
35	159	0.6906
35	194	0.7956
35	227	0.6529
35	258	0.7956
35	290	0.7956
36	14	0.7007
36	17	0.8486
36	21	0.8043
36	29	0.7729
36	36	1
36	64	0.9
36	65	0.7663
36	90	0.7729
36	102	0.7007
36	114	0.9557
36	138	0.7729
36	145	0.9
36	150	0.8486
36	184	0.8043
36	199	0.9243
36	205	0.7663
36	215	0.7007
36	228	0.8357
36	239	0.7729
36	253	0.7007
36	281	0.7007
36	286	0.9557
37	37	1
37	43	0.5717
37	47	0.5717
37	72	0.5717
37	122	0.5717
37	132	0.7199
37	136	0.7199
37	151	0.7199
37	169	0.5717
37	181	0.5717
37	183	0.5717
37	189	0.5717
37	232	0.7199
37	248	0.7199
37	259	0.7199
37	261	0.9557
37	279	0.9
37	300	0.7199
37	303	0.5717
38	14	0.525
38	38	1
38	67	0.7542
38	99	0.7542
38	104	0.7542
38	124	0.7542
38	176	0.8043
38	199	0.525
38	201	0.7542
38	205	0.525
38	215	0.525
38	218	0.7542
38	228	0.525
38	251	0.9
38	253	0.525
38	262	0.7542
38	265	0.7542
38	279	0.8043
38	293	0.9
39	22	0.8486
39	37	0.5717
39	39	1
39	40	0.7542
39	43	0.8357
39	47	0.9557
39	51	0.9557
39	72	0.6675
39	77	0.7542
39	92	0.5353
39	95	0.5353
39	113	0.5353
39	122	0.6675
39	126	0.7542
39	129	0.7542
39	132	0.5717
39	133	0.5353
39	149	0.5353
39	152	0.5353
39	169	0.6675
39	176	0.5353
39	180	0.5353
39	181	0.6675
39	183	0.6675
39	189	0.5717
39	198	0.7542
39	207	0.7542
39	209	0.5353
39	211	0.5353
39	213	0.7542
39	221	0.5353
39	223	0.5353
39	226	0.5353
39	232	0.5717
39	245	0.5353
39	259	0.5717
39	261	0.5717
39	266	0.5353
39	277	0.5353
39	279	0.5717
39	283	0.5353
39	300	0.5717
39	303	0.6675
40	22	0.7542
40	39	0.7542
40	40	1
40	51	0.7542
40	77	0.8138
40	92	0.5353
40	95	0.5353
40	113	0.5353
40	126	0.8138
40	129	0.8138
40	133	0.5353
40	149	0.5353
40	152	0.5353
40	176	0.5353
40	180	0.5353
40	198	0.8138
40	207	0.9243
40	209	0.5353
40	211	0.5353
40	213	0.9243
40	221	0.5353
40	223	0.5353
40	226	0.5353
40	245	0.5353
40	266	0.5353
40	277	0.5353
40	283	0.5353
41	9	0.8357
41	41	1
41	109	0.8357
41	111	0.8357
41	167	0.708
41	240	0.8357
41	249	0.7729
41	254	0.8357
41	280	0.8357
42	42	1
42	50	0.7007
42	53	0.9243
42	54	0.7007
42	57	0.7007
42	60	0.7007
42	66	0.7007
42	76	0.5986
42	79	0.7007
42	81	0.7007
42	130	0.7007
42	143	0.7007
42	168	0.7007
42	193	0.7007
42	233	0.5986
42	246	0.7007
42	288	0.7007
43	22	0.6675
43	37	0.5717
43	39	0.8357
43	43	1
43	47	0.6675
43	51	0.8357
43	72	0.6675
43	103	0.7875
43	122	0.6675
43	132	0.5717
43	157	0.7875
43	169	0.6675
43	181	0.6675
43	183	0.6675
43	189	0.7875
43	232	0.5717
43	259	0.5717
43	261	0.5717
43	275	0.7875
43	279	0.5717
43	300	0.5717
43	303	0.6675
44	6	0.536
44	26	0.536
44	44	1
44	52	0.536
44	61	0.6756
44	83	0.536
44	116	0.536
44	119	0.6756
44	121	0.536
44	146	0.6756
44	235	0.8486
44	264	0.6756
44	282	0.536
44	304	0.536
45	8	0.9
45	24	0.7286
45	45	1
45	55	0.7158
45	75	0.8043
45	84	0.9
45	96	0.8043
45	99	0.7158
45	106	0.7286
45	110	0.7286
45	166	0.7158
45	177	0.8043
45	178	0.7158
45	197	0.7158
45	200	0.8043
45	238	0.7158
45	262	0.7158
45	271	0.7286
45	272	0.7158
45	276	0.8043
45	278	0.9
45	294	0.7286
45	299	0.8043
45	306	0.8043
46	19	0.8357
46	46	1
46	49	0.9
46	97	0.8357
46	136	0.7333
46	163	0.9
46	188	0.7333
46	263	0.8357
46	270	0.7333
46	275	0.7333
46	287	0.7333
47	22	0.6675
47	37	0.5717
47	39	0.9557
47	43	0.6675
47	47	1
47	51	0.8486
47	72	0.6675
47	122	0.6675
47	132	0.5717
47	169	0.6675
47	181	0.6675
47	183	0.6675
47	189	0.5717
47	232	0.5717
47	259	0.5717
47	261	0.5717
47	279	0.5717
47	300	0.5717
47	303	0.6675
48	11	0.6463
48	16	0.6463
48	28	0.7663
48	29	0.9243
48	48	1
48	138	0.7663
48	140	0.6463
48	151	0.6463
48	172	0.6463
48	202	0.6463
48	206	0.6463
48	224	0.7663
48	230	0.9243
48	250	0.7663
48	267	0.7663
48	273	0.7663
49	19	0.8357
49	46	0.9
49	49	1
49	97	0.8357
49	136	0.7333
49	163	0.9
49	188	0.7333
49	263	0.8357
49	270	0.7333
49	275	0.7333
49	287	0.7333
50	42	0.7007
50	50	1
50	53	0.7007
50	54	0.9557
50	57	0.7007
50	60	0.7007
50	66	0.7007
50	76	0.5986
50	79	0.7007
50	81	0.7007
50	130	0.7007
50	143	0.7007
50	168	0.7007
50	193	0.7007
50	233	0.5986
50	246	0.7007
50	288	0.7007
51	22	0.8486
51	37	0.5717
51	39	0.9557
51	40	0.7542
51	43	0.8357
51	47	0.8486
51	51	1
51	72	0.6675
51	77	0.7542
51	92	0.5353
51	95	0.5353
51	113	0.5353
51	122	0.6675
51	126	0.7542
51	129	0.7542
51	132	0.5717
51	133	0.5353
51	149	0.5353
51	152	0.5353
51	169	0.6675
51	176	0.5353
51	180	0.5353
51	181	0.6675
51	183	0.6675
51	189	0.5717
51	198	0.7542
51	207	0.7542
51	209	0.5353
51	211	0.5353
51	213	0.7542
51	221	0.5353
51	223	0.5353
51	226	0.5353
51	232	0.5717
51	245	0.5353
51	259	0.5717
51	261	0.5717
51	266	0.5353
51	277	0.5353
51	279	0.5717
51	283	0.5353
51	300	0.5717
51	303	0.6675
52	6	0.7043
52	26	0.536
52	44	0.536
52	52	1
52	61	0.536
52	64	0.7043
52	83	0.536
52	102	0.7043
52	114	0.7043
52	116	0.536
52	119	0.536
52	121	0.536
52	146	0.536
52	150	0.7043
52	195	0.7043
52	235	0.536
52	247	0.7043
52	264	0.536
52	281	0.7043
52	282	0.536
52	286	0.7043
52	304	0.536
53	42	0.9243
53	50	0.7007
53	53	1
53	54	0.7007
53	57	0.7007
53	60	0.7007
53	66	0.7007
53	76	0.5986
53	79	0.7007
53	81	0.7007
53	130	0.7007
53	143	0.7007
53	168	0.7007
53	193	0.7007
53	233	0.5986
53	246	0.7007
53	288	0.7007
54	42	0.7007
54	50	0.9557
54	53	0.7007
54	54	1
54	57	0.7007
54	60	0.7007
54	66	0.7007
54	76	0.5986
54	79	0.7007
54	81	0.7007
54	130	0.7007
54	143	0.7007
54	168	0.7007
54	193	0.7007
54	233	0.5986
54	246	0.7007
54	288	0.7007
55	8	0.7158
55	45	0.7158
55	55	1
55	84	0.7158
55	94	0.7601
55	99	0.7158
55	135	0.7601
55	144	0.7601
55	166	0.7158
55	167	0.7601
55	178	0.7158
55	197	0.88
55	219	1
55	238	0.88
55	260	0.7601
55	262	0.7158
55	272	0.7158
55	278	0.7158
56	13	0.8243
56	56	1
56	128	0.8243
56	171	0.8243
56	186	0.7486
56	187	0.7486
56	216	0.8243
56	234	0.8243
56	252	0.8243
57	42	0.7007
57	50	0.7007
57	53	0.7007
57	54	0.7007
57	57	1
57	60	0.7007
57	66	0.7007
57	76	0.5986
57	79	0.7007
57	81	1
57	130	0.7007
57	143	0.7007
57	168	0.7007
57	193	0.7007
57	233	0.5986
57	246	0.7007
57	288	0.7007
58	12	0.7158
58	58	1
58	62	0.7158
58	85	0.7158
58	105	0.88
58	134	0.7158
58	153	0.7158
58	161	0.7158
58	182	0.7158
58	212	0.7158
58	220	0.7158
58	296	0.7158
59	59	1
59	80	0.7381
59	97	1
59	107	0.7381
59	248	0.7381
59	269	0.7381
59	285	0.7381
60	42	0.7007
60	50	0.7007
60	53	0.7007
60	54	0.7007
60	57	0.7007
60	60	1
60	66	0.7007
60	76	0.5986
60	79	0.7007
60	81	0.7007
60	130	0.7007
60	143	0.7007
60	168	0.9
60	193	0.7007
60	233	0.5986
60	246	0.7007
60	288	0.7007
61	6	0.536
61	26	0.536
61	44	0.6756
61	52	0.536
61	61	1
61	83	0.536
61	116	0.536
61	119	0.8043
61	121	0.536
61	146	0.6756
61	235	0.6756
61	264	0.6756
61	282	0.536
61	304	0.536
62	12	0.7158
62	58	0.7158
62	62	1
62	85	0.7158
62	105	0.7158
62	134	0.7158
62	153	0.8357
62	161	0.7158
62	182	0.7158
62	212	0.8357
62	220	0.8357
62	296	0.7158
63	20	0.501
63	63	1
63	70	0.5476
63	112	0.501
63	154	0.5476
63	164	0.501
63	217	0.5476
63	257	0.5476
63	284	0.501
63	297	0.5476
64	6	0.8357
64	14	0.7601
64	17	0.8043
64	18	0.7956
64	21	0.8043
64	26	0.6553
64	27	0.6785
64	29	0.7729
64	36	0.9
64	44	0.536
64	52	0.7043
64	61	0.536
64	64	1
64	65	0.8138
64	83	0.536
64	87	0.8138
64	90	0.7729
64	102	0.8357
64	114	0.8486
64	116	0.536
64	117	0.8486
64	119	0.536
64	121	0.536
64	131	0.7956
64	138	0.7729
64	145	0.9243
64	146	0.536
64	150	0.9557
64	170	0.6973
64	184	0.8043
64	195	0.7199
64	199	0.8043
64	205	0.525
64	215	0.7007
64	228	0.8357
64	235	0.536
64	239	0.7729
64	247	0.7199
64	253	0.7601
64	264	0.536
64	281	0.8486
64	282	0.6553
64	286	0.9557
64	304	0.6553
65	14	0.525
65	20	0.501
65	23	0.7542
65	29	0.7729
65	36	0.7663
65	37	0.5717
65	43	0.5717
65	47	0.5717
65	63	0.5476
65	64	0.8138
65	65	1
65	70	0.5476
65	72	0.5717
65	87	0.8486
65	112	0.501
65	116	0.8632
65	122	0.5717
65	132	0.5717
65	145	0.7729
65	154	0.5476
65	164	0.501
65	169	0.5717
65	181	0.5717
65	183	0.5717
65	189	0.5717
65	199	0.7663
65	203	0.6785
65	205	0.7663
65	215	0.525
65	217	0.5476
65	228	0.525
65	231	0.6785
65	232	0.5717
65	253	0.525
65	257	0.5476
65	259	0.5717
65	261	0.5717
65	279	0.5717
65	284	0.501
65	286	0.8138
65	297	0.5476
65	300	0.5717
65	303	0.5717
66	29	0.6939
66	30	0.9
66	31	0.6939
66	42	0.7007
66	50	0.7007
66	53	0.7007
66	54	0.7007
66	57	0.7007
66	60	0.7007
66	66	1
66	76	0.5986
66	79	1
66	81	0.7007
66	121	0.6939
66	130	0.7007
66	138	0.6939
66	143	0.7007
66	165	0.9
66	168	0.7007
66	193	0.7007
66	233	0.5986
66	239	0.6939
66	246	0.7007
66	288	0.7007
67	38	0.7542
67	67	1
67	99	0.7542
67	104	1
67	124	0.7542
67	201	0.7542
67	218	0.7542
67	251	0.7542
67	262	0.9243
67	265	0.7542
67	293	0.7542
68	4	0.6906
68	35	0.7956
68	68	1
68	71	0.6906
68	88	0.7956
68	89	0.7956
68	123	0.6906
68	137	0.6906
68	142	1
68	148	0.6906
68	155	0.6906
68	159	0.6906
68	194	0.7956
68	227	0.6529
68	258	0.7956
68	290	0.7956
69	7	0.5945
69	69	1
69	73	0.7118
69	74	0.5945
69	90	0.7118
69	98	0.7118
69	108	0.7118
69	147	0.7118
69	156	0.7118
69	157	0.7118
69	179	0.7118
69	190	0.5945
69	196	0.7118
69	208	0.7118
69	214	0.7118
69	222	0.5945
69	256	0.5945
69	263	0.5945
69	302	0.5945
70	20	0.501
70	63	0.5476
70	70	1
70	87	0.7663
70	112	0.501
70	154	0.5476
70	164	0.501
70	203	0.7663
70	217	0.5476
70	231	0.7663
70	257	0.5476
70	284	0.501
70	297	0.5476
71	4	0.8632
71	35	0.6906
71	68	0.6906
71	71	1
71	88	0.6906
71	89	0.6906
71	123	0.6906
71	137	0.8632
71	142	0.6906
71	148	0.6906
71	155	0.6906
71	159	0.6906
71	194	0.6906
71	227	0.6529
71	258	0.6906
71	290	0.6906
72	22	0.6675
72	37	0.5717
72	39	0.6675
72	43	0.6675
72	47	0.6675
72	51	0.6675
72	72	1
72	122	0.6675
72	132	0.5717
72	169	0.9557
72	181	0.6675
72	183	0.6675
72	189	0.5717
72	232	0.5717
72	259	0.5717
72	261	0.5717
72	279	0.5717
72	300	0.5717
72	303	0.9557
73	7	0.5945
73	40	0.5353
73	69	0.7118
73	73	1
73	74	0.5945
73	77	0.5353
73	90	0.7118
73	92	0.5932
73	95	0.5932
73	98	0.7118
73	108	0.7118
73	113	0.6728
73	126	0.5353
73	129	0.5353
73	133	0.5932
73	147	0.7118
73	149	0.7432
73	152	0.5932
73	156	0.7118
73	157	0.7118
73	176	0.5353
73	179	0.7118
73	180	0.5353
73	190	0.5945
73	196	0.7118
73	198	0.5353
73	207	0.5353
73	208	0.7118
73	209	0.5353
73	211	0.5932
73	213	0.5353
73	214	0.7118
73	221	0.5353
73	222	0.5945
73	223	0.5932
73	226	0.5353
73	245	0.5353
73	256	0.5945
73	263	0.5945
73	266	0.5932
73	277	0.5932
73	283	0.5932
73	302	0.5945
74	7	0.7242
74	69	0.5945
74	73	0.5945
74	74	1
74	90	0.5945
74	98	0.5945
74	108	0.5945
74	147	0.5945
74	156	0.5945
74	157	0.5945
74	179	0.5945
74	190	0.7242
74	196	0.5945
74	208	0.5945
74	214	0.5945
74	222	0.5945
74	256	0.5945
74	263	0.7242
74	302	0.5945
75	8	0.7286
75	24	0.7286
75	45	0.8043
75	75	1
75	84	0.8043
75	96	0.8043
75	106	0.7286
75	110	0.7286
75	177	0.8043
75	200	0.8043
75	271	0.7286
75	276	0.8043
75	294	0.7286
75	299	0.8043
75	306	0.8043
76	42	0.5986
76	50	0.5986
76	53	0.5986
76	54	0.5986
76	57	0.5986
76	60	0.5986
76	66	0.5986
76	76	1
76	79	0.5986
76	81	0.5986
76	130	0.5986
76	143	0.5986
76	168	0.5986
76	193	0.5986
76	233	0.5986
76	246	0.5986
76	288	0.5986
77	22	0.7542
77	39	0.7542
77	40	0.8138
77	51	0.7542
77	77	1
77	92	0.5353
77	95	0.5353
77	113	0.5353
77	126	0.9557
77	129	0.8138
77	133	0.5353
77	149	0.5353
77	152	0.5353
77	176	0.5353
77	180	0.5353
77	198	0.8138
77	207	0.8138
77	209	0.5353
77	211	0.5353
77	213	0.8138
77	221	0.5353
77	223	0.5353
77	226	0.5353
77	245	0.5353
77	266	0.5353
77	277	0.5353
77	283	0.5353
78	78	1
78	101	0.88
78	127	0.7542
78	141	0.7542
78	175	0.88
78	191	0.88
79	42	0.7007
79	50	0.7007
79	53	0.7007
79	54	0.7007
79	57	0.7007
79	60	0.7007
79	66	1
79	76	0.5986
79	79	1
79	81	0.7007
79	130	0.7007
79	143	0.7007
79	168	0.7007
79	193	0.7007
79	233	0.5986
79	246	0.7007
79	288	0.7007
80	59	0.7381
80	80	1
80	97	0.7381
80	107	0.7381
80	248	0.8138
80	269	0.7381
80	285	0.7381
81	42	0.7007
81	50	0.7007
81	53	0.7007
81	54	0.7007
81	57	1
81	60	0.7007
81	66	0.7007
81	76	0.5986
81	79	0.7007
81	81	1
81	130	0.7007
81	143	0.7007
81	168	0.7007
81	193	0.7007
81	233	0.5986
81	246	0.7007
81	288	0.7007
82	10	0.588
82	32	1
82	82	1
82	202	0.588
82	241	0.588
82	305	0.588
83	6	0.536
83	26	0.536
83	44	0.536
83	52	0.536
83	61	0.536
83	83	1
83	116	0.536
83	119	0.536
83	121	0.536
83	146	0.536
83	235	0.536
83	264	0.536
83	282	0.536
83	304	0.536
84	8	0.9
84	24	0.7286
84	45	0.9
84	55	0.7158
84	75	0.8043
84	84	1
84	96	0.8043
84	99	0.7158
84	106	0.7286
84	110	0.7286
84	166	0.7158
84	177	0.8043
84	178	0.7158
84	197	0.7158
84	200	0.8043
84	238	0.7158
84	262	0.7158
84	271	0.7286
84	272	0.7158
84	276	0.8043
84	278	0.9
84	294	0.7286
84	299	0.8043
84	306	0.8043
85	12	0.7158
85	58	0.7158
85	62	0.7158
85	85	1
85	105	0.7158
85	134	0.7158
85	153	0.7158
85	161	0.9243
85	182	0.7158
85	212	0.7158
85	220	0.7158
85	296	0.9243
86	33	0.7043
86	86	1
86	93	0.7043
86	158	0.7043
86	210	0.7043
87	20	0.501
87	29	0.7729
87	63	0.5476
87	64	0.8138
87	65	0.8486
87	70	0.7663
87	87	1
87	112	0.501
87	145	0.7729
87	154	0.5476
87	164	0.501
87	203	0.8138
87	217	0.5476
87	231	0.8138
87	257	0.5476
87	284	0.501
87	286	0.8138
87	297	0.5476
88	4	0.6906
88	35	0.7956
88	68	0.7956
88	71	0.6906
88	88	1
88	89	0.7956
88	123	0.6906
88	137	0.6906
88	142	0.7956
88	148	0.6906
88	155	0.6906
88	159	0.6906
88	194	0.7956
88	227	0.6529
88	258	0.7956
88	290	0.7956
89	4	0.6906
89	35	0.7956
89	68	0.7956
89	71	0.6906
89	88	0.7956
89	89	1
89	123	0.6906
89	137	0.6906
89	142	0.7956
89	148	0.6906
89	155	0.6906
89	159	0.6906
89	194	0.7956
89	227	0.6529
89	258	0.7956
89	290	0.7956
90	7	0.5945
90	17	0.7729
90	21	0.7729
90	36	0.7729
90	64	0.7729
90	69	0.7118
90	73	0.7118
90	74	0.5945
90	90	1
90	98	0.7118
90	108	0.7118
90	114	0.7729
90	145	0.7729
90	147	0.7118
90	156	0.7118
90	157	0.8357
90	179	0.7118
90	184	0.7729
90	190	0.5945
90	196	0.8357
90	208	0.7118
90	214	0.8357
90	222	0.5945
90	256	0.5945
90	263	0.5945
90	286	0.7729
90	302	0.5945
91	91	1
92	40	0.5353
92	73	0.5932
92	77	0.5353
92	92	1
92	95	0.5932
92	113	0.5932
92	126	0.5353
92	129	0.5353
92	133	0.5932
92	149	0.5932
92	152	0.5932
92	176	0.7333
92	180	0.7333
92	198	0.5353
92	207	0.5353
92	209	0.9243
92	211	0.5932
92	213	0.5353
92	221	0.7333
92	223	0.7956
92	226	0.9243
92	245	0.7333
92	266	0.5932
92	277	0.5932
92	283	0.5932
93	33	0.7043
93	86	0.7043
93	93	1
93	158	0.7043
93	210	0.7043
94	55	0.7601
94	94	1
94	135	0.7601
94	144	0.7601
94	167	0.7601
94	219	0.7601
94	238	0.7601
94	260	0.7601
95	40	0.5353
95	73	0.5932
95	77	0.5353
95	92	0.5932
95	95	1
95	113	0.5932
95	126	0.5353
95	129	0.5353
95	133	0.5932
95	149	0.5932
95	152	0.8486
95	176	0.5353
95	180	0.5353
95	198	0.5353
95	207	0.5353
95	209	0.5353
95	211	0.5932
95	213	0.5353
95	221	0.5353
95	223	0.5932
95	226	0.5353
95	245	0.5353
95	266	0.5932
95	277	0.5932
95	283	0.8486
96	8	0.7286
96	24	0.7286
96	45	0.8043
96	75	0.8043
96	84	0.8043
96	96	1
96	106	0.7286
96	110	0.7286
96	177	0.8043
96	200	0.8043
96	271	0.7286
96	276	0.8043
96	294	0.7286
96	299	0.8043
96	306	0.8043
97	19	1
97	46	0.8357
97	49	0.8357
97	59	1
97	80	0.7381
97	97	1
97	107	0.7381
97	136	0.7333
97	162	0.8632
97	163	0.8357
97	188	0.7333
97	204	0.8632
97	248	0.7381
97	263	0.8357
97	269	0.7381
97	270	0.7333
97	275	0.7333
97	285	0.7381
97	287	0.7333
98	7	0.5945
98	69	0.7118
98	73	0.7118
98	74	0.5945
98	90	0.7118
98	98	1
98	108	0.7118
98	147	0.7118
98	156	0.7118
98	157	0.8357
98	179	0.8357
98	190	0.5945
98	196	0.7118
98	208	0.8357
98	214	0.8357
98	222	0.5945
98	256	0.5945
98	263	0.5945
98	302	0.5945
99	8	0.7158
99	34	0.7956
99	38	0.7542
99	45	0.7158
99	55	0.7158
99	67	0.7542
99	84	0.7158
99	99	1
99	103	0.7956
99	104	0.7542
99	124	0.7542
99	166	0.7158
99	173	0.6702
99	174	0.6702
99	178	0.7158
99	197	0.7158
99	201	0.8632
99	218	1
99	238	0.7158
99	251	0.7542
99	262	0.7542
99	265	0.8632
99	272	0.7158
99	278	0.7158
99	293	0.7542
100	5	0.7956
100	100	1
100	139	0.7956
100	274	0.7956
101	78	0.88
101	101	1
101	127	0.7542
101	141	0.7542
101	175	0.88
101	191	0.88
102	6	0.8357
102	14	0.7601
102	17	0.7007
102	26	0.6553
102	36	0.7007
102	44	0.536
102	52	0.7043
102	61	0.536
102	64	0.8357
102	83	0.536
102	102	1
102	114	0.8357
102	116	0.536
102	119	0.536
102	121	0.536
102	145	0.7601
102	146	0.536
102	150	0.8357
102	195	0.7199
102	199	0.7601
102	205	0.525
102	215	0.7007
102	228	0.7601
102	235	0.536
102	247	0.7199
102	253	0.7601
102	264	0.536
102	281	0.8357
102	282	0.6553
102	286	0.8243
102	304	0.6553
103	34	0.9
103	37	0.5717
103	43	0.7875
103	47	0.5717
103	72	0.5717
103	99	0.7956
103	103	1
103	122	0.5717
103	132	0.5717
103	157	0.8632
103	169	0.5717
103	173	0.6702
103	174	0.6702
103	181	0.5717
103	183	0.5717
103	189	0.7875
103	232	0.5717
103	259	0.5717
103	261	0.5717
103	275	0.9557
103	279	0.5717
103	300	0.5717
103	303	0.5717
104	38	0.7542
104	67	1
104	99	0.7542
104	104	1
104	124	0.7542
104	201	0.7542
104	218	0.7542
104	251	0.7542
104	262	0.9243
104	265	0.7542
104	293	0.7542
105	12	0.7158
105	58	0.88
105	62	0.7158
105	85	0.7158
105	105	1
105	134	0.7158
105	153	0.7158
105	161	0.7158
105	182	0.7158
105	212	0.7158
105	220	0.7158
105	296	0.7158
106	8	0.7286
106	24	0.7286
106	45	0.7286
106	75	0.7286
106	84	0.7286
106	96	0.7286
106	106	1
106	110	0.7286
106	177	0.7286
106	200	0.7286
106	271	0.7286
106	276	0.7286
106	294	0.7286
106	299	0.7286
106	306	0.7286
107	59	0.7381
107	80	0.7381
107	97	0.7381
107	107	1
107	248	0.7381
107	269	0.9243
107	285	0.9243
108	7	0.5945
108	69	0.7118
108	73	0.7118
108	74	0.5945
108	90	0.7118
108	98	0.7118
108	108	1
108	147	0.88
108	156	0.7118
108	157	0.7118
108	179	0.7118
108	190	0.5945
108	196	0.7118
108	208	0.7118
108	214	0.7118
108	222	0.5945
108	256	0.5945
108	263	0.5945
108	302	0.5945
109	9	0.8357
109	41	0.8357
109	109	1
109	111	0.9243
109	167	0.708
109	240	0.9243
109	249	0.7729
109	254	0.8357
109	280	0.8357
110	8	0.8243
110	24	0.8243
110	45	0.7286
110	75	0.7286
110	84	0.7286
110	96	0.7286
110	106	0.7286
110	110	1
110	177	0.7286
110	200	0.7286
110	271	0.8243
110	276	0.7286
110	294	0.8243
110	299	0.7286
110	306	0.7286
111	9	0.8357
111	41	0.8357
111	109	0.9243
111	111	1
111	167	0.708
111	240	0.9243
111	249	0.7729
111	254	0.8357
111	280	0.8357
112	20	0.7956
112	63	0.501
112	70	0.501
112	112	1
112	154	0.501
112	164	0.501
112	217	0.501
112	257	0.501
112	284	0.501
112	297	0.501
113	40	0.5353
113	73	0.6728
113	77	0.5353
113	92	0.5932
113	95	0.5932
113	113	1
113	126	0.5353
113	129	0.5353
113	133	0.5932
113	149	0.6728
113	152	0.5932
113	176	0.5353
113	180	0.5353
113	198	0.5353
113	207	0.5353
113	209	0.5353
113	211	0.5932
113	213	0.5353
113	221	0.5353
113	223	0.5932
113	226	0.5353
113	245	0.5353
113	266	0.5932
113	277	0.5932
113	283	0.5932
114	6	0.8357
114	14	0.7007
114	17	0.8486
114	21	0.8043
114	23	0.7432
114	26	0.6553
114	27	0.6785
114	29	0.7432
114	36	0.9557
114	44	0.536
114	52	0.7043
114	61	0.536
114	64	0.8486
114	83	0.536
114	90	0.7729
114	102	0.8357
114	114	1
114	116	0.536
114	117	0.8043
114	119	0.536
114	121	0.536
114	131	0.7956
114	145	0.9557
114	146	0.536
114	150	0.8486
114	184	0.8043
114	195	0.7199
114	199	0.8043
114	205	0.525
114	215	0.7007
114	217	0.7432
114	228	0.7007
114	235	0.536
114	239	0.7432
114	247	0.7199
114	253	0.7007
114	264	0.536
114	281	0.8357
114	282	0.6553
114	286	0.9557
114	304	0.6553
115	115	1
115	125	0.7875
115	236	0.7875
115	291	0.7875
116	6	0.536
116	14	0.525
116	26	0.536
116	29	0.8486
116	44	0.536
116	52	0.536
116	61	0.536
116	65	0.8632
116	83	0.536
116	116	1
116	119	0.536
116	121	0.8486
116	146	0.536
116	199	0.525
116	205	0.525
116	215	0.525
116	228	0.525
116	235	0.536
116	239	0.8486
116	253	0.525
116	264	0.536
116	282	0.536
116	304	0.536
117	18	0.7956
117	27	0.6785
117	64	0.8486
117	114	0.8043
117	117	1
117	131	0.7956
117	145	0.8486
117	170	0.6973
117	184	0.8043
117	199	0.8043
117	281	0.8486
117	286	0.8043
118	15	0.7242
118	118	1
118	120	0.7242
118	225	0.88
118	244	0.7242
118	289	0.88
118	301	0.88
119	6	0.536
119	26	0.536
119	44	0.6756
119	52	0.536
119	61	0.8043
119	83	0.536
119	116	0.536
119	119	1
119	121	0.536
119	146	0.6756
119	235	0.6756
119	264	0.6756
119	282	0.536
119	304	0.536
120	15	0.8632
120	118	0.7242
120	120	1
120	225	0.7242
120	244	0.8632
120	289	0.7242
120	301	0.7242
121	6	0.536
121	26	0.536
121	29	0.9243
121	30	0.6939
121	31	0.7875
121	44	0.536
121	52	0.536
121	61	0.536
121	66	0.6939
121	83	0.536
121	116	0.8486
121	119	0.536
121	121	1
121	138	0.7875
121	146	0.536
121	165	0.6939
121	235	0.536
121	239	0.9243
121	264	0.536
121	282	0.536
121	304	0.536
122	22	0.9557
122	37	0.5717
122	39	0.6675
122	43	0.6675
122	47	0.6675
122	51	0.6675
122	72	0.6675
122	122	1
122	132	0.5717
122	169	0.6675
122	181	0.6675
122	183	0.9557
122	189	0.5717
122	232	0.5717
122	259	0.5717
122	261	0.5717
122	279	0.5717
122	300	0.5717
122	303	0.6675
123	4	0.6906
123	35	0.6906
123	68	0.6906
123	71	0.6906
123	88	0.6906
123	89	0.6906
123	123	1
123	137	0.6906
123	142	0.6906
123	148	0.6906
123	155	0.6906
123	159	0.8243
123	194	0.6906
123	227	0.6529
123	258	0.6906
123	290	0.6906
124	38	0.7542
124	67	0.7542
124	99	0.7542
124	104	0.7542
124	124	1
124	201	0.7542
124	218	0.7542
124	251	0.7542
124	262	0.7542
124	265	0.7542
124	293	0.7542
125	115	0.7875
125	125	1
125	236	0.7875
125	291	0.7875
126	22	0.7542
126	39	0.7542
126	40	0.8138
126	51	0.7542
126	77	0.9557
126	92	0.5353
126	95	0.5353
126	113	0.5353
126	126	1
126	129	0.8138
126	133	0.5353
126	149	0.5353
126	152	0.5353
126	176	0.5353
126	180	0.5353
126	198	0.8138
126	207	0.8138
126	209	0.5353
126	211	0.5353
126	213	0.8138
126	221	0.5353
126	223	0.5353
126	226	0.5353
126	245	0.5353
126	266	0.5353
126	277	0.5353
126	283	0.5353
127	78	0.7542
127	101	0.7542
127	127	1
127	141	1
127	175	0.7542
127	191	0.7542
128	13	0.8243
128	56	0.8243
128	128	1
128	171	0.8243
128	186	0.7486
128	187	0.7486
128	216	0.8243
128	234	0.8243
128	252	0.8243
129	22	0.7542
129	39	0.7542
129	40	0.8138
129	51	0.7542
129	77	0.8138
129	92	0.5353
129	95	0.5353
129	113	0.5353
129	126	0.8138
129	129	1
129	133	0.5353
129	149	0.5353
129	152	0.5353
129	176	0.5353
129	180	0.5353
129	198	0.9557
129	207	0.8138
129	209	0.5353
129	211	0.5353
129	213	0.8138
129	221	0.5353
129	223	0.5353
129	226	0.5353
129	245	0.5353
129	266	0.5353
129	277	0.5353
129	283	0.5353
130	42	0.7007
130	50	0.7007
130	53	0.7007
130	54	0.7007
130	57	0.7007
130	60	0.7007
130	66	0.7007
130	76	0.5986
130	79	0.7007
130	81	0.7007
130	130	1
130	143	0.7007
130	168	0.7007
130	193	1
130	233	0.5986
130	246	0.7007
130	288	0.7007
131	27	0.6785
131	64	0.7956
131	114	0.7956
131	117	0.7956
131	131	1
131	145	0.7956
131	184	0.7956
131	199	0.7956
131	286	0.7956
132	37	0.7199
132	43	0.5717
132	47	0.5717
132	72	0.5717
132	122	0.5717
132	132	1
132	136	0.8357
132	151	0.8357
132	160	0.8486
132	169	0.5717
132	181	0.5717
132	183	0.5717
132	189	0.5717
132	232	0.7432
132	248	0.8357
132	259	0.7432
132	261	0.7199
132	279	0.7199
132	300	0.8357
132	303	0.5717
133	40	0.5353
133	73	0.5932
133	77	0.5353
133	92	0.5932
133	95	0.5932
133	113	0.5932
133	126	0.5353
133	129	0.5353
133	133	1
133	149	0.5932
133	152	0.5932
133	176	0.5353
133	180	0.5353
133	198	0.5353
133	207	0.5353
133	209	0.5353
133	211	0.8632
133	213	0.5353
133	221	0.5353
133	223	0.5932
133	226	0.5353
133	245	0.5353
133	266	0.5932
133	277	0.8632
133	283	0.5932
134	12	0.9557
134	58	0.7158
134	62	0.7158
134	85	0.7158
134	105	0.7158
134	134	1
134	153	0.7158
134	161	0.7158
134	182	0.9
134	212	0.7158
134	220	0.7158
134	296	0.7158
135	55	0.7601
135	94	0.7601
135	135	1
135	144	0.7601
135	167	0.9243
135	219	0.7601
135	238	0.7601
135	260	0.8357
136	19	0.7333
136	37	0.7199
136	43	0.5717
136	46	0.7333
136	47	0.5717
136	49	0.7333
136	72	0.5717
136	97	0.7333
136	122	0.5717
136	132	0.8357
136	136	1
136	151	0.8357
136	163	0.7333
136	169	0.5717
136	181	0.5717
136	183	0.5717
136	188	0.7875
136	189	0.5717
136	232	0.7432
136	248	0.8357
136	259	0.7432
136	261	0.7199
136	263	0.7333
136	270	0.8632
136	275	0.8632
136	279	0.7199
136	287	0.7875
136	300	0.8357
136	303	0.5717
137	4	0.8632
137	35	0.6906
137	68	0.6906
137	71	0.8632
137	88	0.6906
137	89	0.6906
137	123	0.6906
137	137	1
137	142	0.6906
137	148	0.6906
137	155	0.6906
137	159	0.6906
137	194	0.6906
137	227	0.6529
137	258	0.6906
137	290	0.6906
138	11	0.6463
138	14	0.525
138	16	0.6463
138	20	0.501
138	28	0.88
138	29	0.9243
138	30	0.6939
138	31	0.7875
138	36	0.7729
138	48	0.7663
138	63	0.5476
138	64	0.7729
138	66	0.6939
138	70	0.5476
138	112	0.501
138	121	0.7875
138	138	1
138	140	0.6463
138	145	0.7729
138	151	0.6463
138	154	0.5476
138	164	0.501
138	165	0.6939
138	172	0.6463
138	199	0.525
138	202	0.6463
138	205	0.525
138	206	0.6463
138	215	0.525
138	217	0.5476
138	224	1
138	228	0.7729
138	230	0.7663
138	235	0.8043
138	239	0.9243
138	250	0.7663
138	253	0.525
138	257	0.5476
138	267	0.7663
138	273	0.7663
138	284	0.501
138	286	0.7729
138	297	0.5476
139	5	0.7956
139	100	0.7956
139	139	1
139	274	0.7956
140	11	0.7875
140	16	0.7663
140	28	0.6463
140	48	0.6463
140	138	0.6463
140	140	1
140	151	0.6463
140	172	0.7875
140	202	0.6463
140	206	0.7875
140	224	0.6463
140	230	0.6463
140	250	0.6463
140	267	0.6463
140	273	0.6463
141	78	0.7542
141	101	0.7542
141	127	1
141	141	1
141	175	0.7542
141	191	0.7542
142	4	0.6906
142	35	0.7956
142	68	1
142	71	0.6906
142	88	0.7956
142	89	0.7956
142	123	0.6906
142	137	0.6906
142	142	1
142	148	0.6906
142	155	0.6906
142	159	0.6906
142	194	0.7956
142	227	0.6529
142	258	0.7956
142	290	0.7956
143	42	0.7007
143	50	0.7007
143	53	0.7007
143	54	0.7007
143	57	0.7007
143	60	0.7007
143	66	0.7007
143	76	0.5986
143	79	0.7007
143	81	0.7007
143	130	0.7007
143	143	1
143	168	0.7007
143	193	0.7007
143	233	0.5986
143	246	0.7007
143	288	0.7007
144	55	0.7601
144	94	0.7601
144	135	0.7601
144	144	1
144	167	0.7601
144	219	0.7601
144	238	0.7601
144	260	0.7601
145	14	0.7601
145	17	0.8486
145	18	0.7956
145	21	0.8043
145	23	0.7432
145	27	0.6785
145	29	0.7729
145	36	0.9
145	64	0.9243
145	65	0.7729
145	87	0.7729
145	90	0.7729
145	102	0.7601
145	114	0.9557
145	117	0.8486
145	131	0.7956
145	138	0.7729
145	145	1
145	150	0.8486
145	170	0.6973
145	184	0.8043
145	199	0.9243
145	205	0.525
145	215	0.7007
145	217	0.7432
145	228	0.8357
145	239	0.7729
145	253	0.7601
145	281	0.8486
145	286	0.9557
146	6	0.536
146	26	0.536
146	44	0.6756
146	52	0.536
146	61	0.6756
146	83	0.536
146	116	0.536
146	119	0.6756
146	121	0.536
146	146	1
146	235	0.6756
146	264	0.6756
146	282	0.536
146	304	0.536
147	7	0.5945
147	69	0.7118
147	73	0.7118
147	74	0.5945
147	90	0.7118
147	98	0.7118
147	108	0.88
147	147	1
147	156	0.7118
147	157	0.7118
147	179	0.7118
147	190	0.5945
147	196	0.7118
147	208	0.7118
147	214	0.7118
147	222	0.5945
147	256	0.5945
147	263	0.5945
147	302	0.5945
148	4	0.6906
148	35	0.6906
148	68	0.6906
148	71	0.6906
148	88	0.6906
148	89	0.6906
148	123	0.6906
148	137	0.6906
148	142	0.6906
148	148	1
148	155	0.9557
148	159	0.6906
148	194	0.6906
148	227	0.6529
148	258	0.6906
148	290	0.6906
149	40	0.5353
149	73	0.7432
149	77	0.5353
149	92	0.5932
149	95	0.5932
149	113	0.6728
149	126	0.5353
149	129	0.5353
149	133	0.5932
149	149	1
149	152	0.5932
149	176	0.5353
149	180	0.5353
149	198	0.5353
149	207	0.5353
149	209	0.5353
149	211	0.5932
149	213	0.5353
149	221	0.5353
149	223	0.5932
149	226	0.5353
149	245	0.5353
149	266	0.5932
149	277	0.5932
149	283	0.5932
150	6	0.8357
150	14	0.7601
150	17	0.7007
150	26	0.6553
150	36	0.8486
150	44	0.536
150	52	0.7043
150	61	0.536
150	64	0.9557
150	83	0.536
150	102	0.8357
150	114	0.8486
150	116	0.536
150	119	0.536
150	121	0.536
150	145	0.8486
150	146	0.536
150	150	1
150	195	0.7199
150	199	0.7601
150	205	0.525
150	215	0.7007
150	228	0.7601
150	235	0.536
150	247	0.7199
150	253	0.7601
150	264	0.536
150	281	0.8357
150	282	0.6553
150	286	0.8486
150	304	0.6553
151	11	0.6463
151	16	0.6463
151	28	0.6463
151	37	0.7199
151	43	0.5717
151	47	0.5717
151	48	0.6463
151	72	0.5717
151	122	0.5717
151	132	0.8357
151	136	0.8357
151	138	0.6463
151	140	0.6463
151	151	1
151	169	0.5717
151	172	0.6463
151	181	0.5717
151	183	0.5717
151	189	0.5717
151	202	0.6463
151	206	0.6463
151	224	0.6463
151	230	0.6463
151	232	0.7432
151	248	0.8357
151	250	0.6463
151	259	0.7432
151	261	0.7199
151	267	0.6463
151	273	0.6463
151	279	0.7199
151	300	0.8357
151	303	0.5717
152	40	0.5353
152	73	0.5932
152	77	0.5353
152	92	0.5932
152	95	0.8486
152	113	0.5932
152	126	0.5353
152	129	0.5353
152	133	0.5932
152	149	0.5932
152	152	1
152	176	0.5353
152	180	0.5353
152	198	0.5353
152	207	0.5353
152	209	0.5353
152	211	0.5932
152	213	0.5353
152	221	0.5353
152	223	0.5932
152	226	0.5353
152	245	0.5353
152	266	0.5932
152	277	0.5932
152	283	0.8486
153	12	0.7158
153	58	0.7158
153	62	0.8357
153	85	0.7158
153	105	0.7158
153	134	0.7158
153	153	1
153	161	0.7158
153	182	0.7158
153	212	0.8357
153	220	0.8357
153	296	0.7158
154	20	0.501
154	63	0.5476
154	70	0.5476
154	112	0.501
154	154	1
154	164	0.501
154	217	0.5476
154	257	0.5476
154	284	0.501
154	297	0.5476
155	4	0.6906
155	35	0.6906
155	68	0.6906
155	71	0.6906
155	88	0.6906
155	89	0.6906
155	123	0.6906
155	137	0.6906
155	142	0.6906
155	148	0.9557
155	155	1
155	159	0.6906
155	194	0.6906
155	227	0.6529
155	258	0.6906
155	290	0.6906
156	7	0.5945
156	69	0.7118
156	73	0.7118
156	74	0.5945
156	90	0.7118
156	98	0.7118
156	108	0.7118
156	147	0.7118
156	156	1
156	157	0.7118
156	179	0.7118
156	190	0.5945
156	196	1
156	208	0.7118
156	214	0.7118
156	222	0.5945
156	256	0.5945
156	263	0.5945
156	302	0.5945
157	7	0.5945
157	37	0.5717
157	43	0.7875
157	47	0.5717
157	69	0.7118
157	72	0.5717
157	73	0.7118
157	74	0.5945
157	90	0.8357
157	98	0.8357
157	103	0.8632
157	108	0.7118
157	122	0.5717
157	132	0.5717
157	147	0.7118
157	156	0.7118
157	157	1
157	169	0.5717
157	179	0.8357
157	181	0.5717
157	183	0.5717
157	189	0.7875
157	190	0.5945
157	196	0.8357
157	208	0.8357
157	214	0.8357
157	222	0.5945
157	232	0.5717
157	256	0.5945
157	259	0.5717
157	261	0.5717
157	263	0.5945
157	275	0.8632
157	279	0.5717
157	300	0.5717
157	302	0.5945
157	303	0.5717
158	33	0.7043
158	86	0.7043
158	93	0.7043
158	158	1
158	210	0.7043
159	4	0.6906
159	35	0.6906
159	68	0.6906
159	71	0.6906
159	88	0.6906
159	89	0.6906
159	123	0.8243
159	137	0.6906
159	142	0.6906
159	148	0.6906
159	155	0.6906
159	159	1
159	194	0.6906
159	227	0.6529
159	258	0.6906
159	290	0.6906
160	132	0.8486
160	160	1
161	12	0.7158
161	58	0.7158
161	62	0.7158
161	85	0.9243
161	105	0.7158
161	134	0.7158
161	153	0.7158
161	161	1
161	182	0.7158
161	212	0.7158
161	220	0.7158
161	296	0.9243
162	97	0.8632
162	162	1
162	204	0.8632
163	19	0.8357
163	46	0.9
163	49	0.9
163	97	0.8357
163	136	0.7333
163	163	1
163	188	0.7333
163	263	0.8357
163	270	0.7333
163	275	0.7333
163	287	0.7333
164	20	0.501
164	63	0.501
164	70	0.501
164	112	0.501
164	154	0.501
164	164	1
164	217	0.501
164	257	0.501
164	284	0.6728
164	297	0.501
165	29	0.6939
165	30	0.9
165	31	0.6939
165	66	0.9
165	121	0.6939
165	138	0.6939
165	165	1
165	239	0.6939
166	8	0.7158
166	45	0.7158
166	55	0.7158
166	84	0.7158
166	99	0.7158
166	166	1
166	178	0.9
166	197	0.7158
166	238	0.7158
166	262	0.7158
166	272	0.9
166	278	0.7158
167	9	0.708
167	41	0.708
167	55	0.7601
167	94	0.7601
167	109	0.708
167	111	0.708
167	135	0.9243
167	144	0.7601
167	167	1
167	219	0.7601
167	238	0.7601
167	240	0.708
167	249	0.708
167	254	0.708
167	260	0.8357
167	280	0.708
168	42	0.7007
168	50	0.7007
168	53	0.7007
168	54	0.7007
168	57	0.7007
168	60	0.9
168	66	0.7007
168	76	0.5986
168	79	0.7007
168	81	0.7007
168	130	0.7007
168	143	0.7007
168	168	1
168	193	0.7007
168	233	0.5986
168	246	0.7007
168	288	0.7007
169	22	0.6675
169	37	0.5717
169	39	0.6675
169	43	0.6675
169	47	0.6675
169	51	0.6675
169	72	0.9557
169	122	0.6675
169	132	0.5717
169	169	1
169	181	0.6675
169	183	0.6675
169	189	0.5717
169	232	0.5717
169	259	0.5717
169	261	0.5717
169	279	0.5717
169	300	0.5717
169	303	0.9557
170	18	0.6973
170	64	0.6973
170	117	0.6973
170	145	0.6973
170	170	1
170	281	0.6973
171	13	0.8243
171	56	0.8243
171	128	0.8243
171	171	1
171	186	0.7486
171	187	0.7486
171	216	0.8243
171	234	0.8243
171	252	0.8243
172	11	0.7875
172	16	0.7663
172	28	0.6463
172	48	0.6463
172	138	0.6463
172	140	0.7875
172	151	0.6463
172	172	1
172	202	0.6463
172	206	0.7875
172	224	0.6463
172	230	0.6463
172	250	0.6463
172	267	0.6463
172	273	0.6463
173	34	0.6702
173	99	0.6702
173	103	0.6702
173	173	1
173	174	0.6702
174	34	0.6702
174	99	0.6702
174	103	0.6702
174	173	0.6702
174	174	1
175	78	0.88
175	101	0.88
175	127	0.7542
175	141	0.7542
175	175	1
175	191	0.88
176	14	0.525
176	38	0.8043
176	40	0.5353
176	77	0.5353
176	92	0.7333
176	95	0.5353
176	113	0.5353
176	126	0.5353
176	129	0.5353
176	133	0.5353
176	149	0.5353
176	152	0.5353
176	176	1
176	180	0.7542
176	198	0.5353
176	199	0.525
176	205	0.525
176	207	0.5353
176	209	0.7333
176	211	0.5353
176	213	0.5353
176	215	0.525
176	221	0.7542
176	223	0.5353
176	226	0.7333
176	228	0.525
176	245	0.7542
176	253	0.525
176	266	0.5353
176	277	0.5353
176	279	0.8043
176	283	0.5353
177	8	0.7286
177	24	0.7286
177	45	0.8043
177	75	0.8043
177	84	0.8043
177	96	0.8043
177	106	0.7286
177	110	0.7286
177	177	1
177	200	0.8043
177	271	0.7286
177	276	0.8043
177	294	0.7286
177	299	0.8043
177	306	0.8043
178	8	0.7158
178	45	0.7158
178	55	0.7158
178	84	0.7158
178	99	0.7158
178	166	0.9
178	178	1
178	197	0.7158
178	238	0.7158
178	262	0.7158
178	272	0.9
178	278	0.7158
179	7	0.5945
179	69	0.7118
179	73	0.7118
179	74	0.5945
179	90	0.7118
179	98	0.8357
179	108	0.7118
179	147	0.7118
179	156	0.7118
179	157	0.8357
179	179	1
179	190	0.5945
179	196	0.7118
179	208	0.8357
179	214	0.8357
179	222	0.5945
179	256	0.5945
179	263	0.5945
179	302	0.5945
180	40	0.5353
180	77	0.5353
180	92	0.7333
180	95	0.5353
180	113	0.5353
180	126	0.5353
180	129	0.5353
180	133	0.5353
180	149	0.5353
180	152	0.5353
180	176	0.7542
180	180	1
180	198	0.5353
180	207	0.5353
180	209	0.7333
180	211	0.5353
180	213	0.5353
180	221	0.7542
180	223	0.5353
180	226	0.7333
180	245	0.7542
180	266	0.5353
180	277	0.5353
180	283	0.5353
181	22	0.6675
181	37	0.5717
181	39	0.6675
181	43	0.6675
181	47	0.6675
181	51	0.6675
181	72	0.6675
181	122	0.6675
181	132	0.5717
181	169	0.6675
181	181	1
181	183	0.6675
181	189	0.5717
181	232	0.5717
181	259	0.5717
181	261	0.5717
181	279	0.5717
181	300	0.5717
181	303	0.6675
182	12	0.9
182	58	0.7158
182	62	0.7158
182	85	0.7158
182	105	0.7158
182	134	0.9
182	153	0.7158
182	161	0.7158
182	182	1
182	212	0.7158
182	220	0.7158
182	296	0.7158
183	22	1
183	37	0.5717
183	39	0.6675
183	43	0.6675
183	47	0.6675
183	51	0.6675
183	72	0.6675
183	122	0.9557
183	132	0.5717
183	169	0.6675
183	181	0.6675
183	183	1
183	189	0.5717
183	232	0.5717
183	259	0.5717
183	261	0.5717
183	279	0.5717
183	300	0.5717
183	303	0.6675
184	17	0.8043
184	21	0.8043
184	27	0.6785
184	36	0.8043
184	64	0.8043
184	90	0.7729
184	114	0.8043
184	117	0.8043
184	131	0.7956
184	145	0.8043
184	184	1
184	199	0.8043
184	286	0.8043
185	185	1
186	13	0.7486
186	56	0.7486
186	128	0.7486
186	171	0.7486
186	186	1
186	187	0.7486
186	216	0.7486
186	234	0.7486
186	252	0.7486
187	13	0.7486
187	56	0.7486
187	128	0.7486
187	171	0.7486
187	186	0.7486
187	187	1
187	216	0.7486
187	234	0.7486
187	252	0.7486
188	19	0.7333
188	46	0.7333
188	49	0.7333
188	97	0.7333
188	136	0.7875
188	163	0.7333
188	188	1
188	263	0.7333
188	270	0.7875
188	275	0.7875
188	287	0.7875
189	37	0.5717
189	43	0.7875
189	47	0.5717
189	72	0.5717
189	103	0.7875
189	122	0.5717
189	132	0.5717
189	157	0.7875
189	169	0.5717
189	181	0.5717
189	183	0.5717
189	189	1
189	232	0.5717
189	259	0.5717
189	261	0.5717
189	275	0.7875
189	279	0.5717
189	300	0.5717
189	303	0.5717
190	7	0.9557
190	69	0.5945
190	73	0.5945
190	74	0.7242
190	90	0.5945
190	98	0.5945
190	108	0.5945
190	147	0.5945
190	156	0.5945
190	157	0.5945
190	179	0.5945
190	190	1
190	196	0.5945
190	208	0.5945
190	214	0.5945
190	222	0.5945
190	256	0.5945
190	263	0.8486
190	302	0.5945
191	78	0.88
191	101	0.88
191	127	0.7542
191	141	0.7542
191	175	0.88
191	191	1
192	192	1
193	42	0.7007
193	50	0.7007
193	53	0.7007
193	54	0.7007
193	57	0.7007
193	60	0.7007
193	66	0.7007
193	76	0.5986
193	79	0.7007
193	81	0.7007
193	130	1
193	143	0.7007
193	168	0.7007
193	193	1
193	233	0.5986
193	246	0.7007
193	288	0.7007
194	4	0.6906
194	35	0.7956
194	68	0.7956
194	71	0.6906
194	88	0.7956
194	89	0.7956
194	123	0.6906
194	137	0.6906
194	142	0.7956
194	148	0.6906
194	155	0.6906
194	159	0.6906
194	194	1
194	227	0.6529
194	258	0.7956
194	290	0.7956
195	6	0.7199
195	26	0.536
195	44	0.536
195	52	0.7043
195	61	0.536
195	64	0.7199
195	83	0.536
195	102	0.7199
195	114	0.7199
195	116	0.536
195	119	0.536
195	121	0.536
195	146	0.536
195	150	0.7199
195	195	1
195	235	0.536
195	247	0.8243
195	264	0.536
195	281	0.7199
195	282	0.536
195	286	0.7199
195	304	0.536
196	7	0.5945
196	69	0.7118
196	73	0.7118
196	74	0.5945
196	90	0.8357
196	98	0.7118
196	108	0.7118
196	147	0.7118
196	156	1
196	157	0.8357
196	179	0.7118
196	190	0.5945
196	196	1
196	208	0.7118
196	214	0.8357
196	222	0.5945
196	256	0.5945
196	263	0.5945
196	302	0.5945
197	8	0.7158
197	45	0.7158
197	55	0.88
197	84	0.7158
197	99	0.7158
197	166	0.7158
197	178	0.7158
197	197	1
197	238	0.88
197	262	0.7158
197	272	0.7158
197	278	0.7158
198	22	0.7542
198	39	0.7542
198	40	0.8138
198	51	0.7542
198	77	0.8138
198	92	0.5353
198	95	0.5353
198	113	0.5353
198	126	0.8138
198	129	0.9557
198	133	0.5353
198	149	0.5353
198	152	0.5353
198	176	0.5353
198	180	0.5353
198	198	1
198	207	0.8138
198	209	0.5353
198	211	0.5353
198	213	0.8138
198	221	0.5353
198	223	0.5353
198	226	0.5353
198	245	0.5353
198	266	0.5353
198	277	0.5353
198	283	0.5353
199	14	0.7601
199	17	0.7007
199	27	0.6785
199	36	0.9243
199	64	0.8043
199	65	0.7663
199	102	0.7601
199	114	0.8043
199	117	0.8043
199	131	0.7956
199	145	0.9243
199	150	0.7601
199	184	0.8043
199	199	1
199	205	0.7663
199	215	0.7007
199	228	0.7601
199	253	0.7601
199	281	0.7601
199	286	0.9243
200	8	0.7286
200	24	0.7286
200	45	0.8043
200	75	0.8043
200	84	0.8043
200	96	0.8043
200	106	0.7286
200	110	0.7286
200	177	0.8043
200	200	1
200	271	0.7286
200	276	0.8043
200	294	0.7286
200	299	0.8043
200	306	0.8043
201	38	0.7542
201	67	0.7542
201	99	0.8632
201	104	0.7542
201	124	0.7542
201	201	1
201	218	0.8632
201	251	0.7542
201	262	0.7542
201	265	0.8632
201	293	0.7542
202	10	0.8138
202	11	0.6463
202	16	0.6463
202	28	0.6463
202	32	0.588
202	48	0.6463
202	82	0.588
202	138	0.6463
202	140	0.6463
202	151	0.6463
202	172	0.6463
202	202	1
202	206	0.6463
202	224	0.6463
202	230	0.6463
202	241	0.8138
202	250	0.6463
202	267	0.6463
202	273	0.6463
202	305	0.6973
203	20	0.501
203	63	0.5476
203	65	0.6785
203	70	0.7663
203	87	0.8138
203	112	0.501
203	154	0.5476
203	164	0.501
203	203	1
203	217	0.5476
203	231	0.8138
203	257	0.5476
203	284	0.501
203	297	0.5476
204	97	0.8632
204	162	0.8632
204	204	1
205	14	0.525
205	36	0.7663
205	65	0.7663
205	199	0.7663
205	205	1
205	215	0.525
205	228	0.525
205	253	0.525
205	286	0.7663
206	11	0.7875
206	16	0.7663
206	28	0.6463
206	48	0.6463
206	138	0.6463
206	140	0.7875
206	151	0.6463
206	172	0.7875
206	202	0.6463
206	206	1
206	224	0.6463
206	230	0.6463
206	250	0.6463
206	267	0.6463
206	273	0.6463
207	22	0.7542
207	39	0.7542
207	40	0.9243
207	51	0.7542
207	77	0.8138
207	92	0.5353
207	95	0.5353
207	113	0.5353
207	126	0.8138
207	129	0.8138
207	133	0.5353
207	149	0.5353
207	152	0.5353
207	176	0.5353
207	180	0.5353
207	198	0.8138
207	207	1
207	209	0.5353
207	211	0.5353
207	213	0.9243
207	221	0.5353
207	223	0.5353
207	226	0.5353
207	245	0.5353
207	266	0.5353
207	277	0.5353
207	283	0.5353
208	7	0.5945
208	69	0.7118
208	73	0.7118
208	74	0.5945
208	90	0.7118
208	98	0.8357
208	108	0.7118
208	147	0.7118
208	156	0.7118
208	157	0.8357
208	179	0.8357
208	190	0.5945
208	196	0.7118
208	208	1
208	214	0.8357
208	222	0.5945
208	256	0.5945
208	263	0.5945
208	302	0.5945
209	40	0.5353
209	77	0.5353
209	92	0.9243
209	95	0.5353
209	113	0.5353
209	126	0.5353
209	129	0.5353
209	133	0.5353
209	149	0.5353
209	152	0.5353
209	176	0.7333
209	180	0.7333
209	198	0.5353
209	207	0.5353
209	209	1
209	211	0.5353
209	213	0.5353
209	221	0.7333
209	223	0.5353
209	226	0.9243
209	245	0.7333
209	266	0.5353
209	277	0.5353
209	283	0.5353
210	33	0.7043
210	86	0.7043
210	93	0.7043
210	158	0.7043
210	210	1
211	40	0.5353
211	73	0.5932
211	77	0.5353
211	92	0.5932
211	95	0.5932
211	113	0.5932
211	126	0.5353
211	129	0.5353
211	133	0.8632
211	149	0.5932
211	152	0.5932
211	176	0.5353
211	180	0.5353
211	198	0.5353
211	207	0.5353
211	209	0.5353
211	211	1
211	213	0.5353
211	221	0.5353
211	223	0.5932
211	226	0.5353
211	245	0.5353
211	266	0.5932
211	277	0.8632
211	283	0.5932
212	12	0.7158
212	58	0.7158
212	62	0.8357
212	85	0.7158
212	105	0.7158
212	134	0.7158
212	153	0.8357
212	161	0.7158
212	182	0.7158
212	212	1
212	220	0.8357
212	296	0.7158
213	22	0.7542
213	39	0.7542
213	40	0.9243
213	51	0.7542
213	77	0.8138
213	92	0.5353
213	95	0.5353
213	113	0.5353
213	126	0.8138
213	129	0.8138
213	133	0.5353
213	149	0.5353
213	152	0.5353
213	176	0.5353
213	180	0.5353
213	198	0.8138
213	207	0.9243
213	209	0.5353
213	211	0.5353
213	213	1
213	221	0.5353
213	223	0.5353
213	226	0.5353
213	245	0.5353
213	266	0.5353
213	277	0.5353
213	283	0.5353
214	7	0.5945
214	69	0.7118
214	73	0.7118
214	74	0.5945
214	90	0.8357
214	98	0.8357
214	108	0.7118
214	147	0.7118
214	156	0.7118
214	157	0.8357
214	179	0.8357
214	190	0.5945
214	196	0.8357
214	208	0.8357
214	214	1
214	222	0.5945
214	256	0.5945
214	263	0.5945
214	302	0.5945
215	14	0.7007
215	17	0.7007
215	36	0.7007
215	64	0.7007
215	102	0.7007
215	114	0.7007
215	145	0.7007
215	150	0.7007
215	199	0.7007
215	205	0.525
215	215	1
215	228	0.7007
215	253	0.7007
215	281	0.7007
216	13	0.8243
216	56	0.8243
216	128	0.8243
216	171	0.8243
216	186	0.7486
216	187	0.7486
216	216	1
216	234	0.8243
216	252	0.8243
217	20	0.501
217	23	0.8138
217	29	0.7432
217	63	0.5476
217	70	0.5476
217	112	0.501
217	114	0.7432
217	145	0.7432
217	154	0.5476
217	164	0.501
217	217	1
217	239	0.7432
217	257	0.5476
217	284	0.501
217	286	0.7432
217	297	0.5476
218	38	0.7542
218	67	0.7542
218	99	1
218	104	0.7542
218	124	0.7542
218	201	0.8632
218	218	1
218	251	0.7542
218	262	0.7542
218	265	0.8632
218	293	0.7542
219	55	1
219	94	0.7601
219	135	0.7601
219	144	0.7601
219	167	0.7601
219	219	1
219	238	0.8632
219	260	0.7601
220	12	0.7158
220	58	0.7158
220	62	0.8357
220	85	0.7158
220	105	0.7158
220	134	0.7158
220	153	0.8357
220	161	0.7158
220	182	0.7158
220	212	0.8357
220	220	1
220	296	0.7158
221	40	0.5353
221	77	0.5353
221	92	0.7333
221	95	0.5353
221	113	0.5353
221	126	0.5353
221	129	0.5353
221	133	0.5353
221	149	0.5353
221	152	0.5353
221	176	0.7542
221	180	0.7542
221	198	0.5353
221	207	0.5353
221	209	0.7333
221	211	0.5353
221	213	0.5353
221	221	1
221	223	0.5353
221	226	0.7333
221	245	0.7542
221	266	0.5353
221	277	0.5353
221	283	0.5353
222	7	0.5945
222	69	0.5945
222	73	0.5945
222	74	0.5945
222	90	0.5945
222	98	0.5945
222	108	0.5945
222	147	0.5945
222	156	0.5945
222	157	0.5945
222	179	0.5945
222	190	0.5945
222	196	0.5945
222	208	0.5945
222	214	0.5945
222	222	1
222	256	1
222	263	0.5945
222	302	0.9243
223	40	0.5353
223	73	0.5932
223	77	0.5353
223	92	0.7956
223	95	0.5932
223	113	0.5932
223	126	0.5353
223	129	0.5353
223	133	0.5932
223	149	0.5932
223	152	0.5932
223	176	0.5353
223	180	0.5353
223	198	0.5353
223	207	0.5353
223	209	0.5353
223	211	0.5932
223	213	0.5353
223	221	0.5353
223	223	1
223	226	0.5353
223	245	0.5353
223	266	0.5932
223	277	0.5932
223	283	0.5932
224	11	0.6463
224	16	0.6463
224	28	0.88
224	29	0.7663
224	48	0.7663
224	138	1
224	140	0.6463
224	151	0.6463
224	172	0.6463
224	202	0.6463
224	206	0.6463
224	224	1
224	230	0.7663
224	250	0.7663
224	267	0.7663
224	273	0.7663
225	15	0.7242
225	118	0.88
225	120	0.7242
225	225	1
225	244	0.7242
225	289	0.88
225	301	0.88
226	40	0.5353
226	77	0.5353
226	92	0.9243
226	95	0.5353
226	113	0.5353
226	126	0.5353
226	129	0.5353
226	133	0.5353
226	149	0.5353
226	152	0.5353
226	176	0.7333
226	180	0.7333
226	198	0.5353
226	207	0.5353
226	209	0.9243
226	211	0.5353
226	213	0.5353
226	221	0.7333
226	223	0.5353
226	226	1
226	245	0.7333
226	266	0.5353
226	277	0.5353
226	283	0.5353
227	4	0.6529
227	35	0.6529
227	68	0.6529
227	71	0.6529
227	88	0.6529
227	89	0.6529
227	123	0.6529
227	137	0.6529
227	142	0.6529
227	148	0.6529
227	155	0.6529
227	159	0.6529
227	194	0.6529
227	227	1
227	258	0.6529
227	290	0.6529
228	14	0.7601
228	17	0.7007
228	29	0.7729
228	36	0.8357
228	64	0.8357
228	102	0.7601
228	114	0.7007
228	138	0.7729
228	145	0.8357
228	150	0.7601
228	199	0.7601
228	205	0.525
228	215	0.7007
228	228	1
228	239	0.7729
228	253	0.7601
228	281	0.7601
228	286	0.8357
229	229	1
230	11	0.6463
230	16	0.6463
230	28	0.7663
230	29	0.9243
230	48	0.9243
230	138	0.7663
230	140	0.6463
230	151	0.6463
230	172	0.6463
230	202	0.6463
230	206	0.6463
230	224	0.7663
230	230	1
230	250	0.7663
230	267	0.7663
230	273	0.7663
231	20	0.501
231	63	0.5476
231	65	0.6785
231	70	0.7663
231	87	0.8138
231	112	0.501
231	154	0.5476
231	164	0.501
231	203	0.8138
231	217	0.5476
231	231	1
231	257	0.5476
231	284	0.501
231	297	0.5476
232	37	0.7199
232	43	0.5717
232	47	0.5717
232	72	0.5717
232	122	0.5717
232	132	0.7432
232	136	0.7432
232	151	0.7432
232	169	0.5717
232	181	0.5717
232	183	0.5717
232	189	0.5717
232	232	1
232	248	0.7432
232	259	0.88
232	261	0.7199
232	279	0.7199
232	300	0.7432
232	303	0.5717
233	42	0.5986
233	50	0.5986
233	53	0.5986
233	54	0.5986
233	57	0.5986
233	60	0.5986
233	66	0.5986
233	76	0.5986
233	79	0.5986
233	81	0.5986
233	130	0.5986
233	143	0.5986
233	168	0.5986
233	193	0.5986
233	233	1
233	246	0.5986
233	288	0.5986
234	13	0.8243
234	56	0.8243
234	128	0.8243
234	171	0.8243
234	186	0.7486
234	187	0.7486
234	216	0.8243
234	234	1
234	252	0.8243
235	6	0.536
235	14	0.525
235	26	0.536
235	29	0.8043
235	44	0.8486
235	52	0.536
235	61	0.6756
235	83	0.536
235	116	0.536
235	119	0.6756
235	121	0.536
235	138	0.8043
235	146	0.6756
235	199	0.525
235	205	0.525
235	215	0.525
235	228	0.525
235	235	1
235	239	0.8043
235	253	0.525
235	264	0.6756
235	282	0.536
235	304	0.536
236	115	0.7875
236	125	0.7875
236	236	1
236	291	1
237	237	1
238	8	0.7158
238	45	0.7158
238	55	0.88
238	84	0.7158
238	94	0.7601
238	99	0.7158
238	135	0.7601
238	144	0.7601
238	166	0.7158
238	167	0.7601
238	178	0.7158
238	197	0.88
238	219	0.8632
238	238	1
238	260	0.7601
238	262	0.7158
238	272	0.7158
238	278	0.7158
239	6	0.536
239	14	0.525
239	23	0.7432
239	26	0.536
239	29	0.9243
239	30	0.6939
239	31	0.7875
239	36	0.7729
239	44	0.536
239	52	0.536
239	61	0.536
239	64	0.7729
239	66	0.6939
239	83	0.536
239	114	0.7432
239	116	0.8486
239	119	0.536
239	121	0.9243
239	138	0.9243
239	145	0.7729
239	146	0.536
239	165	0.6939
239	199	0.525
239	205	0.525
239	215	0.525
239	217	0.7432
239	228	0.7729
239	235	0.8043
239	239	1
239	253	0.525
239	264	0.536
239	282	0.536
239	286	0.7729
239	304	0.536
240	9	0.8357
240	41	0.8357
240	109	0.9243
240	111	0.9243
240	167	0.708
240	240	1
240	249	0.7729
240	254	0.8357
240	280	0.8357
241	10	0.8138
241	32	0.588
241	82	0.588
241	202	0.8138
241	241	1
241	305	0.6973
242	242	1
243	243	1
244	15	0.8632
244	118	0.7242
244	120	0.8632
244	225	0.7242
244	244	1
244	289	0.7242
244	301	0.7242
245	40	0.5353
245	77	0.5353
245	92	0.7333
245	95	0.5353
245	113	0.5353
245	126	0.5353
245	129	0.5353
245	133	0.5353
245	149	0.5353
245	152	0.5353
245	176	0.7542
245	180	0.7542
245	198	0.5353
245	207	0.5353
245	209	0.7333
245	211	0.5353
245	213	0.5353
245	221	0.7542
245	223	0.5353
245	226	0.7333
245	245	1
245	266	0.5353
245	277	0.5353
245	283	0.5353
246	42	0.7007
246	50	0.7007
246	53	0.7007
246	54	0.7007
246	57	0.7007
246	60	0.7007
246	66	0.7007
246	76	0.5986
246	79	0.7007
246	81	0.7007
246	130	0.7007
246	143	0.7007
246	168	0.7007
246	193	0.7007
246	233	0.5986
246	246	1
246	288	0.7007
247	6	0.7199
247	26	0.536
247	44	0.536
247	52	0.7043
247	61	0.536
247	64	0.7199
247	83	0.536
247	102	0.7199
247	114	0.7199
247	116	0.536
247	119	0.536
247	121	0.536
247	146	0.536
247	150	0.7199
247	195	0.8243
247	235	0.536
247	247	1
247	264	0.536
247	281	0.7199
247	282	0.536
247	286	0.7199
247	304	0.536
248	37	0.7199
248	43	0.5717
248	47	0.5717
248	59	0.7381
248	72	0.5717
248	80	0.8138
248	97	0.7381
248	107	0.7381
248	122	0.5717
248	132	0.8357
248	136	0.8357
248	151	0.8357
248	169	0.5717
248	181	0.5717
248	183	0.5717
248	189	0.5717
248	232	0.7432
248	248	1
248	259	0.7432
248	261	0.7199
248	269	0.7381
248	279	0.7199
248	285	0.7381
248	300	0.8357
248	303	0.5717
249	9	0.7729
249	41	0.7729
249	109	0.7729
249	111	0.7729
249	167	0.708
249	240	0.7729
249	249	1
249	254	0.7729
249	280	0.7729
250	11	0.6463
250	16	0.6463
250	28	0.7663
250	29	0.7663
250	48	0.7663
250	138	0.7663
250	140	0.6463
250	151	0.6463
250	172	0.6463
250	202	0.6463
250	206	0.6463
250	224	0.7663
250	230	0.7663
250	250	1
250	267	0.7663
250	273	0.7663
251	25	0.6165
251	38	0.9
251	67	0.7542
251	99	0.7542
251	104	0.7542
251	124	0.7542
251	201	0.7542
251	218	0.7542
251	251	1
251	252	0.6165
251	253	0.6165
251	262	0.7542
251	265	0.7542
251	268	0.7118
251	293	0.9
252	13	0.8243
252	25	0.7875
252	56	0.8243
252	128	0.8243
252	171	0.8243
252	186	0.7486
252	187	0.7486
252	216	0.8243
252	234	0.8243
252	251	0.6165
252	252	1
252	253	0.6165
252	268	0.6165
253	14	0.7601
253	17	0.7007
253	25	0.6165
253	36	0.7007
253	64	0.7601
253	102	0.7601
253	114	0.7007
253	145	0.7601
253	150	0.7601
253	199	0.7601
253	205	0.525
253	215	0.7007
253	228	0.7601
253	251	0.6165
253	252	0.6165
253	253	1
253	268	0.6165
253	281	0.7601
254	9	0.8357
254	41	0.8357
254	109	0.8357
254	111	0.8357
254	167	0.708
254	240	0.8357
254	249	0.7729
254	254	1
254	280	0.8357
255	255	1
256	7	0.5945
256	69	0.5945
256	73	0.5945
256	74	0.5945
256	90	0.5945
256	98	0.5945
256	108	0.5945
256	147	0.5945
256	156	0.5945
256	157	0.5945
256	179	0.5945
256	190	0.5945
256	196	0.5945
256	208	0.5945
256	214	0.5945
256	222	1
256	256	1
256	263	0.5945
256	302	0.9243
257	20	0.501
257	63	0.5476
257	70	0.5476
257	112	0.501
257	154	0.5476
257	164	0.501
257	217	0.5476
257	257	1
257	284	0.501
257	297	0.88
258	4	0.6906
258	35	0.7956
258	68	0.7956
258	71	0.6906
258	88	0.7956
258	89	0.7956
258	123	0.6906
258	137	0.6906
258	142	0.7956
258	148	0.6906
258	155	0.6906
258	159	0.6906
258	194	0.7956
258	227	0.6529
258	258	1
258	290	0.7956
259	37	0.7199
259	43	0.5717
259	47	0.5717
259	72	0.5717
259	122	0.5717
259	132	0.7432
259	136	0.7432
259	151	0.7432
259	169	0.5717
259	181	0.5717
259	183	0.5717
259	189	0.5717
259	232	0.88
259	248	0.7432
259	259	1
259	261	0.7199
259	279	0.7199
259	300	0.7432
259	303	0.5717
260	55	0.7601
260	94	0.7601
260	135	0.8357
260	144	0.7601
260	167	0.8357
260	219	0.7601
260	238	0.7601
260	260	1
261	37	0.9557
261	43	0.5717
261	47	0.5717
261	72	0.5717
261	122	0.5717
261	132	0.7199
261	136	0.7199
261	151	0.7199
261	169	0.5717
261	181	0.5717
261	183	0.5717
261	189	0.5717
261	232	0.7199
261	248	0.7199
261	259	0.7199
261	261	1
261	279	0.9
261	300	0.7199
261	303	0.5717
262	8	0.7158
262	38	0.7542
262	45	0.7158
262	55	0.7158
262	67	0.9243
262	84	0.7158
262	99	0.7542
262	104	0.9243
262	124	0.7542
262	166	0.7158
262	178	0.7158
262	197	0.7158
262	201	0.7542
262	218	0.7542
262	238	0.7158
262	251	0.7542
262	262	1
262	265	0.7542
262	272	0.7158
262	278	0.7158
262	293	0.7542
263	7	0.8486
263	19	0.8357
263	46	0.8357
263	49	0.8357
263	69	0.5945
263	73	0.5945
263	74	0.7242
263	90	0.5945
263	97	0.8357
263	98	0.5945
263	108	0.5945
263	136	0.7333
263	147	0.5945
263	156	0.5945
263	157	0.5945
263	163	0.8357
263	179	0.5945
263	188	0.7333
263	190	0.8486
263	196	0.5945
263	208	0.5945
263	214	0.5945
263	222	0.5945
263	256	0.5945
263	263	1
263	270	0.7333
263	275	0.7333
263	287	0.7333
263	302	0.5945
264	6	0.536
264	26	0.536
264	44	0.6756
264	52	0.536
264	61	0.6756
264	83	0.536
264	116	0.536
264	119	0.6756
264	121	0.536
264	146	0.6756
264	235	0.6756
264	264	1
264	282	0.536
264	304	0.536
265	38	0.7542
265	67	0.7542
265	99	0.8632
265	104	0.7542
265	124	0.7542
265	201	0.8632
265	218	0.8632
265	251	0.7542
265	262	0.7542
265	265	1
265	293	0.7542
266	40	0.5353
266	73	0.5932
266	77	0.5353
266	92	0.5932
266	95	0.5932
266	113	0.5932
266	126	0.5353
266	129	0.5353
266	133	0.5932
266	149	0.5932
266	152	0.5932
266	176	0.5353
266	180	0.5353
266	198	0.5353
266	207	0.5353
266	209	0.5353
266	211	0.5932
266	213	0.5353
266	221	0.5353
266	223	0.5932
266	226	0.5353
266	245	0.5353
266	266	1
266	277	0.5932
266	283	0.5932
267	11	0.6463
267	16	0.6463
267	28	0.7663
267	29	0.7663
267	48	0.7663
267	138	0.7663
267	140	0.6463
267	151	0.6463
267	172	0.6463
267	202	0.6463
267	206	0.6463
267	224	0.7663
267	230	0.7663
267	250	0.7663
267	267	1
267	273	0.9557
268	25	0.6165
268	251	0.7118
268	252	0.6165
268	253	0.6165
268	268	1
269	59	0.7381
269	80	0.7381
269	97	0.7381
269	107	0.9243
269	248	0.7381
269	269	1
269	285	0.9243
270	19	0.7333
270	46	0.7333
270	49	0.7333
270	97	0.7333
270	136	0.8632
270	163	0.7333
270	188	0.7875
270	263	0.7333
270	270	1
270	275	0.8632
270	287	0.7875
271	8	0.8243
271	24	0.8243
271	45	0.7286
271	75	0.7286
271	84	0.7286
271	96	0.7286
271	106	0.7286
271	110	0.8243
271	177	0.7286
271	200	0.7286
271	271	1
271	276	0.7286
271	294	0.8243
271	299	0.7286
271	306	0.7286
272	8	0.7158
272	45	0.7158
272	55	0.7158
272	84	0.7158
272	99	0.7158
272	166	0.9
272	178	0.9
272	197	0.7158
272	238	0.7158
272	262	0.7158
272	272	1
272	278	0.7158
273	11	0.6463
273	16	0.6463
273	28	0.7663
273	29	0.7663
273	48	0.7663
273	138	0.7663
273	140	0.6463
273	151	0.6463
273	172	0.6463
273	202	0.6463
273	206	0.6463
273	224	0.7663
273	230	0.7663
273	250	0.7663
273	267	0.9557
273	273	1
274	5	0.7956
274	100	0.7956
274	139	0.7956
274	274	1
275	19	0.7333
275	37	0.5717
275	43	0.7875
275	46	0.7333
275	47	0.5717
275	49	0.7333
275	72	0.5717
275	97	0.7333
275	103	0.9557
275	122	0.5717
275	132	0.5717
275	136	0.8632
275	157	0.8632
275	163	0.7333
275	169	0.5717
275	181	0.5717
275	183	0.5717
275	188	0.7875
275	189	0.7875
275	232	0.5717
275	259	0.5717
275	261	0.5717
275	263	0.7333
275	270	0.8632
275	275	1
275	279	0.5717
275	287	0.7875
275	300	0.5717
275	303	0.5717
276	8	0.7286
276	24	0.7286
276	45	0.8043
276	75	0.8043
276	84	0.8043
276	96	0.8043
276	106	0.7286
276	110	0.7286
276	177	0.8043
276	200	0.8043
276	271	0.7286
276	276	1
276	294	0.7286
276	299	0.8043
276	306	0.8043
277	40	0.5353
277	73	0.5932
277	77	0.5353
277	92	0.5932
277	95	0.5932
277	113	0.5932
277	126	0.5353
277	129	0.5353
277	133	0.8632
277	149	0.5932
277	152	0.5932
277	176	0.5353
277	180	0.5353
277	198	0.5353
277	207	0.5353
277	209	0.5353
277	211	0.8632
277	213	0.5353
277	221	0.5353
277	223	0.5932
277	226	0.5353
277	245	0.5353
277	266	0.5932
277	277	1
277	283	0.5932
278	8	0.9
278	45	0.9
278	55	0.7158
278	84	0.9
278	99	0.7158
278	166	0.7158
278	178	0.7158
278	197	0.7158
278	238	0.7158
278	262	0.7158
278	272	0.7158
278	278	1
279	14	0.525
279	37	0.9
279	38	0.8043
279	43	0.5717
279	47	0.5717
279	72	0.5717
279	122	0.5717
279	132	0.7199
279	136	0.7199
279	151	0.7199
279	169	0.5717
279	176	0.8043
279	181	0.5717
279	183	0.5717
279	189	0.5717
279	199	0.525
279	205	0.525
279	215	0.525
279	228	0.525
279	232	0.7199
279	248	0.7199
279	253	0.525
279	259	0.7199
279	261	0.9
279	279	1
279	300	0.7199
279	303	0.5717
280	9	0.8357
280	41	0.8357
280	109	0.8357
280	111	0.8357
280	167	0.708
280	240	0.8357
280	249	0.7729
280	254	0.8357
280	280	1
281	6	0.8357
281	14	0.7601
281	17	0.7007
281	18	0.7956
281	26	0.6553
281	36	0.7007
281	44	0.536
281	52	0.7043
281	61	0.536
281	64	0.8486
281	83	0.536
281	102	0.8357
281	114	0.8357
281	116	0.536
281	117	0.8486
281	119	0.536
281	121	0.536
281	145	0.8486
281	146	0.536
281	150	0.8357
281	170	0.6973
281	195	0.7199
281	199	0.7601
281	205	0.525
281	215	0.7007
281	228	0.7601
281	235	0.536
281	247	0.7199
281	253	0.7601
281	264	0.536
281	281	1
281	282	0.6553
281	286	0.8243
281	304	0.6553
282	6	0.6553
282	26	1
282	44	0.536
282	52	0.536
282	61	0.536
282	83	0.536
282	102	0.6553
282	116	0.536
282	119	0.536
282	121	0.536
282	146	0.536
282	150	0.6553
282	235	0.536
282	264	0.536
282	281	0.6553
282	282	1
282	304	0.6553
283	40	0.5353
283	73	0.5932
283	77	0.5353
283	92	0.5932
283	95	0.8486
283	113	0.5932
283	126	0.5353
283	129	0.5353
283	133	0.5932
283	149	0.5932
283	152	0.8486
283	176	0.5353
283	180	0.5353
283	198	0.5353
283	207	0.5353
283	209	0.5353
283	211	0.5932
283	213	0.5353
283	221	0.5353
283	223	0.5932
283	226	0.5353
283	245	0.5353
283	266	0.5932
283	277	0.5932
283	283	1
284	20	0.501
284	63	0.501
284	70	0.501
284	112	0.501
284	154	0.501
284	164	0.6728
284	217	0.501
284	257	0.501
284	284	1
284	297	0.501
285	59	0.7381
285	80	0.7381
285	97	0.7381
285	107	0.9243
285	248	0.7381
285	269	0.9243
285	285	1
286	6	0.8243
286	14	0.7007
286	17	0.8486
286	21	0.8043
286	23	0.7432
286	26	0.536
286	27	0.6785
286	29	0.7729
286	36	0.9557
286	44	0.536
286	52	0.7043
286	61	0.536
286	64	0.9557
286	65	0.8138
286	83	0.536
286	87	0.8138
286	90	0.7729
286	102	0.8243
286	114	0.9557
286	116	0.536
286	117	0.8043
286	119	0.536
286	121	0.536
286	131	0.7956
286	138	0.7729
286	145	0.9557
286	146	0.536
286	150	0.8486
286	184	0.8043
286	195	0.7199
286	199	0.9243
286	205	0.7663
286	215	0.7007
286	217	0.7432
286	228	0.8357
286	235	0.536
286	239	0.7729
286	247	0.7199
286	253	0.7007
286	264	0.536
286	281	0.8243
286	282	0.536
286	286	1
286	304	0.536
287	19	0.7333
287	46	0.7333
287	49	0.7333
287	97	0.7333
287	136	0.7875
287	163	0.7333
287	188	0.7875
287	263	0.7333
287	270	0.7875
287	275	0.7875
287	287	1
288	42	0.7007
288	50	0.7007
288	53	0.7007
288	54	0.7007
288	57	0.7007
288	60	0.7007
288	66	0.7007
288	76	0.5986
288	79	0.7007
288	81	0.7007
288	130	0.7007
288	143	0.7007
288	168	0.7007
288	193	0.7007
288	233	0.5986
288	246	0.7007
288	288	1
289	15	0.7242
289	118	0.88
289	120	0.7242
289	225	0.88
289	244	0.7242
289	289	1
289	301	0.88
290	4	0.6906
290	35	0.7956
290	68	0.7956
290	71	0.6906
290	88	0.7956
290	89	0.7956
290	123	0.6906
290	137	0.6906
290	142	0.7956
290	148	0.6906
290	155	0.6906
290	159	0.6906
290	194	0.7956
290	227	0.6529
290	258	0.7956
290	290	1
291	115	0.7875
291	125	0.7875
291	236	1
291	291	1
292	292	1
293	38	0.9
293	67	0.7542
293	99	0.7542
293	104	0.7542
293	124	0.7542
293	201	0.7542
293	218	0.7542
293	251	0.9
293	262	0.7542
293	265	0.7542
293	293	1
294	8	0.8243
294	24	0.8243
294	45	0.7286
294	75	0.7286
294	84	0.7286
294	96	0.7286
294	106	0.7286
294	110	0.8243
294	177	0.7286
294	200	0.7286
294	271	0.8243
294	276	0.7286
294	294	1
294	299	0.7286
294	306	0.7286
295	295	1
296	12	0.7158
296	58	0.7158
296	62	0.7158
296	85	0.9243
296	105	0.7158
296	134	0.7158
296	153	0.7158
296	161	0.9243
296	182	0.7158
296	212	0.7158
296	220	0.7158
296	296	1
297	20	0.501
297	63	0.5476
297	70	0.5476
297	112	0.501
297	154	0.5476
297	164	0.501
297	217	0.5476
297	257	0.88
297	284	0.501
297	297	1
298	298	1
299	8	0.7286
299	24	0.7286
299	45	0.8043
299	75	0.8043
299	84	0.8043
299	96	0.8043
299	106	0.7286
299	110	0.7286
299	177	0.8043
299	200	0.8043
299	271	0.7286
299	276	0.8043
299	294	0.7286
299	299	1
299	306	0.8043
300	37	0.7199
300	43	0.5717
300	47	0.5717
300	72	0.5717
300	122	0.5717
300	132	0.8357
300	136	0.8357
300	151	0.8357
300	169	0.5717
300	181	0.5717
300	183	0.5717
300	189	0.5717
300	232	0.7432
300	248	0.8357
300	259	0.7432
300	261	0.7199
300	279	0.7199
300	300	1
300	303	0.5717
301	15	0.7242
301	118	0.88
301	120	0.7242
301	225	0.88
301	244	0.7242
301	289	0.88
301	301	1
302	7	0.5945
302	69	0.5945
302	73	0.5945
302	74	0.5945
302	90	0.5945
302	98	0.5945
302	108	0.5945
302	147	0.5945
302	156	0.5945
302	157	0.5945
302	179	0.5945
302	190	0.5945
302	196	0.5945
302	208	0.5945
302	214	0.5945
302	222	0.9243
302	256	0.9243
302	263	0.5945
302	302	1
303	22	0.6675
303	37	0.5717
303	39	0.6675
303	43	0.6675
303	47	0.6675
303	51	0.6675
303	72	0.9557
303	122	0.6675
303	132	0.5717
303	169	0.9557
303	181	0.6675
303	183	0.6675
303	189	0.5717
303	232	0.5717
303	259	0.5717
303	261	0.5717
303	279	0.5717
303	300	0.5717
303	303	1
304	6	0.6553
304	26	0.6553
304	44	0.536
304	52	0.536
304	61	0.536
304	83	0.536
304	102	0.6553
304	116	0.536
304	119	0.536
304	121	0.536
304	146	0.536
304	150	0.6553
304	235	0.536
304	264	0.536
304	281	0.6553
304	282	0.6553
304	304	1
305	10	0.6973
305	32	0.588
305	82	0.588
305	202	0.6973
305	241	0.6973
305	305	1
306	8	0.7286
306	24	0.7286
306	45	0.8043
306	75	0.8043
306	84	0.8043
306	96	0.8043
306	106	0.7286
306	110	0.7286
306	177	0.8043
306	200	0.8043
306	271	0.7286
306	276	0.8043
306	294	0.7286
306	299	0.8043
306	306	1
307	307	1
308	308	1
309	309	1
310	310	1
311	311	1
312	312	1
313	313	1
314	314	1
315	315	1
