1	1	1
1	78	0.571
1	167	0.504
1	197	0.5904
1	274	0.6128
2	2	1
2	39	0.7684
2	47	0.7442
2	189	0.6733
2	205	0.7697
2	312	0.7034
3	3	1
3	183	0.6576
4	4	1
4	232	0.6412
5	1	0.5933
5	5	1
5	40	0.6559
5	46	0.6896
5	49	0.6896
5	59	0.6435
5	76	0.637
5	80	0.6806
5	97	0.6435
5	100	0.9467
5	139	0.8803
5	141	0.6471
5	163	0.6624
5	180	0.6596
5	204	0.672
5	232	0.6528
5	238	0.5796
5	247	0.6653
5	262	0.5657
5	274	0.6374
5	284	0.6755
5	308	0.6448
6	6	1
6	14	0.8096
6	15	0.6774
6	17	0.7332
6	36	0.7382
6	58	0.6532
6	64	0.7432
6	102	0.7451
6	114	0.7482
6	120	0.6774
6	154	0.6532
6	215	0.7554
6	228	0.8945
6	229	0.5684
6	242	0.7506
6	253	0.8262
6	281	0.9057
6	286	0.7432
7	3	0.6064
7	7	1
7	25	0.5464
7	27	0.658
7	33	0.5718
7	52	0.7132
7	69	0.6771
7	79	0.669
7	82	0.5836
7	148	0.7181
7	155	0.6469
7	158	0.6407
7	170	0.6878
7	187	0.6099
7	201	0.768
7	206	0.6485
7	218	0.658
7	260	0.6878
7	280	0.6552
7	287	0.768
7	304	0.6475
8	8	1
8	24	0.9396
8	45	0.5824
8	48	0.6594
8	59	0.6821
8	71	0.7148
8	74	0.6215
8	96	0.7568
8	97	0.6821
8	98	0.6268
8	110	0.7743
8	118	0.6224
8	121	0.7159
8	129	0.6594
8	137	0.6763
8	141	0.6769
8	177	0.7666
8	181	0.6543
8	200	0.6856
8	204	0.6482
8	225	0.6683
8	266	0.5478
8	267	0.7135
8	271	0.6776
8	276	0.7057
8	278	0.6777
8	289	0.6509
8	294	0.7046
8	299	0.7548
8	301	0.6613
8	306	0.7232
9	9	1
9	63	0.6105
9	105	0.5775
10	10	1
10	23	0.5861
10	179	0.5923
10	307	0.6082
11	11	1
11	63	0.6046
11	65	0.6579
11	75	0.6376
11	86	0.6338
11	98	0.6478
11	125	0.6905
11	140	0.783
11	157	0.6345
11	162	0.6288
11	174	0.5869
11	186	0.6667
11	195	0.6867
11	233	0.6559
11	301	0.6663
11	304	0.643
12	12	1
12	13	0.6459
12	44	0.6072
12	56	0.6688
12	81	0.6209
12	111	0.62
12	128	0.6645
12	153	0.6509
12	166	0.5637
12	168	0.6239
12	171	0.6424
12	220	0.6302
12	234	0.6539
12	251	0.6142
12	252	0.6816
12	295	0.6109
13	1	0.6042
13	12	0.6459
13	13	1
13	16	0.5785
13	56	0.8058
13	62	0.652
13	86	0.6315
13	128	0.7036
13	153	0.6399
13	171	0.6945
13	212	0.6244
13	216	0.7961
13	222	0.6367
13	234	0.79
13	252	0.7661
14	6	0.8096
14	14	1
14	15	0.6929
14	17	0.7975
14	36	0.7985
14	58	0.6795
14	64	0.8038
14	102	0.8448
14	114	0.8004
14	120	0.6929
14	131	0.7427
14	215	0.8723
14	228	0.8786
14	229	0.5644
14	237	0.6562
14	242	0.6984
14	253	0.8065
14	255	0.7475
14	281	0.7442
14	286	0.8038
15	15	1
15	58	0.6614
15	120	1
15	176	0.6582
15	180	0.7048
15	237	0.6468
15	241	0.673
15	242	0.6863
15	255	0.7359
16	16	1
17	1	0.596
17	6	0.7332
17	14	0.7975
17	15	0.6972
17	17	1
17	58	0.7242
17	102	0.7504
17	120	0.6972
17	150	0.8172
17	154	0.6289
17	215	0.8273
17	228	0.7477
17	237	0.6674
17	241	0.653
17	242	0.697
17	253	0.8321
17	255	0.7599
17	281	0.7577
18	18	1
18	138	0.6664
18	156	0.678
18	165	0.6533
18	174	0.6903
18	196	0.6439
18	214	0.6046
18	224	0.6234
18	239	0.7307
19	19	1
19	46	0.6853
19	49	0.6853
19	59	0.7295
19	80	0.6816
19	97	0.7295
19	138	0.6355
19	141	0.75
19	146	0.6373
19	232	0.6418
19	236	0.5822
19	239	0.6119
19	262	0.5767
19	263	0.6879
19	264	0.6038
19	280	0.6384
20	20	1
20	57	0.6194
20	235	0.6214
20	293	0.5399
21	2	0.6981
21	21	1
21	32	0.6221
21	33	0.5891
21	36	0.8061
21	39	0.8058
21	43	0.8604
21	47	0.7488
21	51	0.8602
21	58	0.6458
21	64	0.8009
21	82	0.6077
21	114	0.7959
21	117	0.8082
21	131	0.8811
21	145	0.9886
21	150	0.7513
21	151	0.7742
21	184	0.8677
21	189	0.7358
21	199	0.8652
21	205	0.6624
21	207	0.7253
21	210	0.6415
21	255	0.7723
21	279	0.6576
21	286	0.8009
21	312	0.7248
22	3	0.6078
22	22	1
22	35	0.6594
22	61	0.6497
22	88	0.6594
22	94	0.6194
22	129	0.7632
22	165	0.6452
22	181	0.662
22	183	0.7825
22	190	0.6622
22	201	0.6519
22	206	0.6497
22	287	0.6519
22	313	0.6133
23	23	1
23	25	0.5406
23	30	0.6742
23	146	0.5965
23	213	0.6797
23	264	0.6062
24	8	0.9396
24	24	1
24	45	0.5793
24	48	0.6827
24	71	0.7377
24	74	0.6301
24	84	0.6616
24	96	0.7929
24	98	0.6391
24	110	0.7913
24	118	0.631
24	121	0.7232
24	129	0.6727
24	137	0.6798
24	157	0.6478
24	177	0.7976
24	181	0.6669
24	200	0.7012
24	225	0.6757
24	266	0.5473
24	267	0.7267
24	271	0.681
24	276	0.714
24	278	0.684
24	289	0.6577
24	294	0.7232
24	299	0.778
24	301	0.6736
24	306	0.7503
25	25	1
25	293	0.5579
26	26	1
26	30	0.5873
26	78	0.5746
26	105	0.5891
26	160	0.8126
26	223	0.6294
26	282	1
27	7	0.658
27	27	1
27	63	0.6031
27	69	0.66
27	98	0.6356
27	201	0.7164
27	287	0.7164
28	23	0.5853
28	25	0.5451
28	28	1
28	86	0.6277
28	146	0.6741
28	158	0.643
28	162	0.6283
28	170	0.7135
28	179	0.5853
28	248	0.6481
29	29	1
29	31	0.8124
29	68	0.6352
29	77	0.6716
29	126	0.6509
29	132	0.658
29	142	0.6352
29	156	0.6091
29	159	0.6087
29	230	0.8705
29	235	0.6128
29	245	0.6158
29	277	0.6236
29	291	0.6259
29	310	0.6865
29	315	0.625
30	23	0.6742
30	26	0.5873
30	30	1
30	105	0.5686
30	213	0.6101
30	223	0.5676
30	238	0.5818
30	282	0.5873
31	29	0.8124
31	31	1
31	68	0.6402
31	76	0.631
31	77	0.6524
31	109	0.6365
31	126	0.6433
31	132	0.6343
31	142	0.6402
31	159	0.6055
31	230	0.7655
31	235	0.6105
31	240	0.6253
31	245	0.5992
31	246	0.6505
31	262	0.5656
31	269	0.6455
31	291	0.6493
31	310	0.7388
31	314	0.6482
31	315	0.632
32	32	1
32	33	0.8023
32	55	0.5541
32	82	0.9473
32	124	0.5974
32	188	0.6352
32	210	0.9193
32	219	0.5602
32	227	0.6352
32	236	0.5828
32	274	0.5966
33	32	0.8023
33	33	1
33	55	0.559
33	82	0.8398
33	188	0.5695
33	210	0.7645
33	219	0.5664
33	227	0.5695
34	5	0.6737
34	16	0.578
34	34	1
34	37	0.6513
34	41	0.6853
34	70	0.6648
34	73	0.6144
34	90	0.6482
34	95	0.758
34	100	0.6548
34	103	0.7352
34	104	0.6438
34	112	0.7108
34	113	0.637
34	115	0.6532
34	116	0.7284
34	119	0.6368
34	135	0.6778
34	143	0.6538
34	144	0.5691
34	147	0.6567
34	149	0.7312
34	152	0.6664
34	160	0.6249
34	164	0.6094
34	176	0.6635
34	178	0.6233
34	180	0.6691
34	185	0.6609
34	192	0.6044
34	208	0.62
34	209	0.6029
34	217	0.6562
34	233	0.6332
34	238	0.5801
34	244	0.6471
34	257	0.6496
34	261	0.6559
34	265	0.7285
34	268	0.6806
34	270	0.7372
34	272	0.638
34	275	0.8585
34	283	0.6606
34	284	0.7169
34	292	0.5965
34	297	0.6614
34	300	0.715
34	302	0.6778
34	308	0.6741
35	3	0.6043
35	22	0.6594
35	35	1
35	61	0.7683
35	88	1
35	94	0.628
35	129	0.6602
35	183	0.6434
35	190	0.7822
35	194	0.6712
35	249	0.6385
35	258	0.681
35	263	0.6133
35	288	0.66
35	309	0.6447
35	313	0.631
36	6	0.7382
36	14	0.7985
36	21	0.8061
36	36	1
36	43	0.7361
36	51	0.7212
36	64	0.9917
36	102	0.7254
36	114	0.9836
36	117	0.8193
36	131	0.8822
36	145	0.8141
36	150	0.7869
36	151	0.691
36	184	0.8859
36	199	0.8986
36	207	0.7581
36	215	0.7951
36	228	0.7286
36	229	0.568
36	253	0.7182
36	279	0.6355
36	281	0.7182
36	286	0.9917
36	312	0.6811
37	9	0.573
37	37	1
37	63	0.6062
37	67	0.7648
37	76	0.6265
37	104	0.7842
37	119	0.6834
37	144	0.5891
37	202	0.6426
37	240	0.6191
37	248	0.6257
37	261	0.8887
37	266	0.5467
37	293	0.5359
38	38	1
38	192	0.6119
38	292	0.6163
39	2	0.7684
39	15	0.6917
39	21	0.8058
39	39	1
39	43	0.77
39	47	0.9121
39	51	0.7584
39	117	0.7592
39	120	0.6917
39	131	0.7528
39	145	0.8006
39	151	0.725
39	169	0.6859
39	184	0.7474
39	189	0.7268
39	199	0.7471
39	205	0.7362
39	207	0.7179
39	312	0.8559
40	5	0.6559
40	11	0.6508
40	28	0.6492
40	40	1
40	65	0.6958
40	75	0.6427
40	76	0.5978
40	86	0.6891
40	100	0.654
40	106	0.687
40	122	0.639
40	125	0.7073
40	139	0.6773
40	158	0.6871
40	162	0.6684
40	170	0.6876
40	172	0.7299
40	194	0.6469
40	195	0.6323
40	204	0.6602
40	232	0.6368
40	246	0.6411
40	247	0.693
40	274	0.5931
40	304	0.6596
40	314	0.6321
41	4	0.5999
41	9	0.5755
41	30	0.587
41	34	0.6853
41	41	1
41	93	0.5455
41	103	0.6809
41	105	0.5704
41	146	0.607
41	147	0.6617
41	185	0.6523
41	233	0.6634
41	248	0.6115
41	270	0.729
41	284	0.6816
41	300	0.7015
41	308	0.6494
42	42	1
42	99	0.6052
42	254	0.5638
43	2	0.6907
43	21	0.8604
43	32	0.6156
43	33	0.5835
43	39	0.77
43	43	1
43	47	0.7398
43	51	0.8434
43	82	0.6017
43	117	0.7639
43	131	0.7818
43	145	0.853
43	151	0.7507
43	169	0.6436
43	184	0.7847
43	189	0.7093
43	199	0.7838
43	205	0.6564
43	207	0.7112
43	210	0.6344
43	255	0.7633
43	279	0.6486
43	312	0.7005
44	20	0.5808
44	44	1
44	57	0.8148
44	60	0.8553
44	81	0.762
44	130	0.8659
44	168	0.7937
44	193	0.8322
44	235	0.768
44	251	0.6021
44	256	0.6347
45	45	1
46	4	0.6243
46	5	0.6896
46	19	0.6853
46	28	0.6251
46	46	1
46	49	1
46	52	0.6638
46	59	0.6473
46	65	0.6294
46	79	0.7582
46	80	0.9697
46	83	0.6828
46	97	0.6473
46	100	0.6701
46	106	0.6783
46	121	0.689
46	124	0.5676
46	139	0.7058
46	141	0.6624
46	148	0.6556
46	163	0.8295
46	167	0.5015
46	170	0.7246
46	172	0.6981
46	188	0.52
46	194	0.6776
46	198	0.6242
46	204	0.6478
46	227	0.52
46	232	0.6412
46	236	0.6367
46	247	0.7339
46	262	0.5977
46	280	0.7543
46	311	0.6794
47	2	0.7442
47	39	0.9121
47	43	0.7398
47	47	1
47	51	0.8172
47	169	0.6467
47	189	0.6753
47	205	0.7676
47	207	0.7517
47	279	0.645
47	312	0.7957
48	24	0.6827
48	48	1
48	74	0.6809
48	96	0.692
48	118	0.6457
48	157	0.6535
48	165	0.6453
48	177	0.7165
48	181	0.6365
48	225	0.63
48	289	0.7439
48	299	0.6884
48	306	0.6762
49	4	0.6243
49	5	0.6896
49	19	0.6853
49	28	0.6251
49	46	1
49	49	1
49	52	0.6638
49	59	0.6473
49	65	0.6294
49	79	0.7582
49	80	0.9697
49	83	0.6828
49	97	0.6473
49	100	0.6701
49	106	0.6783
49	121	0.689
49	124	0.5676
49	139	0.7058
49	141	0.6624
49	148	0.6556
49	163	0.8295
49	167	0.5015
49	170	0.7246
49	172	0.6981
49	188	0.52
49	194	0.6776
49	198	0.6242
49	204	0.6478
49	227	0.52
49	232	0.6412
49	236	0.6367
49	247	0.7339
49	262	0.5977
49	280	0.7543
49	311	0.6794
50	13	0.6331
50	50	1
50	53	0.6508
50	54	0.7931
50	56	0.6414
50	85	0.6693
50	89	0.6508
50	107	0.6917
50	128	0.5956
50	134	0.6322
50	161	0.6513
50	166	0.5566
50	171	0.617
50	182	0.6638
50	216	0.7232
50	222	0.6135
50	224	0.6413
50	226	0.6917
50	252	0.6162
50	273	0.7455
50	285	0.7206
50	291	0.6275
50	296	0.7045
51	2	0.6878
51	21	0.8602
51	33	0.571
51	39	0.7584
51	43	0.8434
51	47	0.8172
51	51	1
51	117	0.7509
51	131	0.7713
51	145	0.8516
51	151	0.7353
51	184	0.7816
51	189	0.7094
51	199	0.7727
51	205	0.693
51	207	0.7786
51	210	0.6029
51	255	0.7511
51	279	0.6708
51	312	0.6804
52	3	0.6046
52	7	0.7132
52	18	0.6191
52	22	0.64
52	25	0.5754
52	52	1
52	75	0.6264
52	80	0.6757
52	140	0.6962
52	148	0.826
52	155	0.7532
52	158	0.6416
52	165	0.6557
52	183	0.6215
52	187	0.6547
52	188	0.5197
52	201	0.6863
52	206	0.7137
52	218	0.6226
52	227	0.5197
52	239	0.6361
52	260	0.6577
52	263	0.6254
52	287	0.6863
52	304	0.6613
53	42	0.6048
53	50	0.6508
53	53	1
53	54	0.6529
53	89	1
53	285	0.69
54	10	0.6019
54	50	0.7931
54	53	0.6529
54	54	1
54	89	0.6529
54	107	0.7022
54	197	0.6019
54	216	0.6722
54	224	0.6743
54	226	0.7213
54	264	0.6087
54	273	0.7966
54	285	0.7473
54	291	0.6364
54	301	0.6619
55	55	1
55	124	0.5684
55	167	0.5187
55	219	0.9759
56	12	0.6688
56	13	0.8058
56	56	1
56	128	0.7933
56	153	0.6557
56	166	0.5536
56	171	0.7429
56	212	0.642
56	216	0.7974
56	220	0.6282
56	222	0.7148
56	234	0.7731
56	252	0.8849
56	295	0.5943
57	20	0.6194
57	44	0.8148
57	57	1
57	60	0.8493
57	68	0.6418
57	81	0.8475
57	109	0.6105
57	130	0.8133
57	142	0.6418
57	167	0.5018
57	168	0.8191
57	193	0.7774
57	235	0.9058
57	256	0.6128
57	290	0.6247
58	1	0.6144
58	17	0.7242
58	58	1
58	102	0.7258
58	242	0.6597
58	255	0.7436
59	8	0.6821
59	19	0.7295
59	55	0.5421
59	59	1
59	97	1
59	141	0.942
59	154	0.6343
59	162	0.631
59	204	0.7551
59	219	0.5479
59	232	0.6947
59	237	0.6535
59	241	0.6721
59	266	0.5471
60	20	0.5816
60	44	0.8553
60	57	0.8493
60	60	1
60	81	0.7797
60	99	0.5844
60	109	0.6251
60	123	0.6172
60	130	0.8087
60	168	0.8136
60	193	0.7776
60	235	0.7927
60	254	0.5734
60	256	0.6132
60	269	0.6425
60	288	0.6074
60	290	0.6738
60	309	0.6233
61	22	0.6497
61	35	0.7683
61	61	1
61	88	0.7683
61	94	0.6348
61	129	0.6584
61	190	0.9625
61	194	0.634
61	258	0.6897
61	263	0.617
61	288	0.6439
61	309	0.6455
61	313	0.6288
62	12	0.6361
62	13	0.652
62	56	0.6415
62	62	1
62	73	0.6088
62	81	0.631
62	85	0.6482
62	90	0.6818
62	91	0.6636
62	128	0.5979
62	134	0.6423
62	153	0.8416
62	161	0.6714
62	168	0.6317
62	171	0.6184
62	182	0.6474
62	193	0.6259
62	212	0.7365
62	220	0.7606
62	222	0.6368
62	234	0.6602
62	251	0.6314
62	252	0.6178
62	272	0.6518
62	295	0.6088
62	296	0.6572
63	9	0.6105
63	63	1
63	213	0.5762
63	248	0.6801
64	6	0.7432
64	14	0.8038
64	21	0.8009
64	36	0.9917
64	43	0.7323
64	64	1
64	102	0.7296
64	114	0.9918
64	117	0.8143
64	131	0.8901
64	145	0.8089
64	150	0.783
64	184	0.8793
64	199	0.8918
64	207	0.754
64	215	0.7918
64	228	0.7329
64	229	0.5669
64	253	0.7158
64	279	0.6336
64	281	0.7158
64	286	1
65	11	0.6579
65	40	0.6958
65	65	1
65	75	0.6898
65	106	0.6671
65	138	0.6097
65	260	0.645
65	266	0.5464
65	304	0.7009
66	16	0.5973
66	38	0.5928
66	42	0.6141
66	66	1
66	85	0.6435
66	87	0.6432
66	123	0.647
66	143	0.6665
66	203	0.647
66	231	0.6413
66	246	0.7859
66	256	0.6197
66	269	0.7141
66	296	0.6436
66	314	0.7293
67	9	0.5738
67	37	0.7648
67	67	1
67	76	0.6082
67	104	0.7742
67	113	0.6438
67	119	0.6654
67	127	0.6362
67	144	0.5877
67	175	0.5984
67	191	0.5742
67	202	0.6194
67	248	0.6242
67	261	0.8059
67	285	0.6291
67	293	0.5421
68	29	0.6352
68	31	0.6402
68	44	0.6094
68	57	0.6418
68	60	0.6209
68	68	1
68	77	0.6152
68	81	0.6395
68	132	0.6052
68	142	1
68	156	0.6407
68	168	0.6333
68	196	0.6295
68	230	0.6645
68	235	0.6096
68	246	0.6476
68	290	0.8944
68	314	0.6315
69	3	0.6168
69	7	0.6771
69	22	0.6418
69	27	0.66
69	69	1
69	98	0.652
69	122	0.6809
69	140	0.6732
69	148	0.6452
69	157	0.7953
69	165	0.6609
69	183	0.6265
69	201	0.7061
69	287	0.7061
69	298	0.6465
69	311	0.6516
70	26	0.5909
70	38	0.561
70	67	0.6371
70	70	1
70	87	0.775
70	90	0.6812
70	101	0.5788
70	104	0.6398
70	105	0.5724
70	113	0.6466
70	115	0.6487
70	127	0.6637
70	159	0.6175
70	202	0.6288
70	203	0.7744
70	209	0.6036
70	223	0.5717
70	231	0.7822
70	238	0.5799
70	282	0.5909
71	4	0.6033
71	8	0.7148
71	24	0.7377
71	71	1
71	84	0.6712
71	96	0.6797
71	110	0.7512
71	121	0.7402
71	129	0.6631
71	137	0.6842
71	177	0.699
71	181	0.6493
71	243	0.6803
71	258	0.6455
71	276	0.6782
71	280	0.6627
71	289	0.6454
71	294	0.6543
71	299	0.7232
72	10	0.5997
72	72	1
72	144	0.5706
72	250	0.6701
72	307	0.6017
73	73	1
73	159	0.6095
73	295	0.5987
74	48	0.6809
74	74	1
74	118	0.6077
74	181	0.6607
74	306	0.6758
75	65	0.6898
75	75	1
75	138	0.6125
75	222	0.6134
75	260	0.6447
75	304	0.7431
76	1	0.5964
76	37	0.6265
76	76	1
76	226	0.6232
76	236	0.5808
76	261	0.6592
76	262	0.5898
76	274	0.6079
77	29	0.6716
77	31	0.6524
77	77	1
77	81	0.6627
77	126	0.8384
77	156	0.6162
77	168	0.6551
77	196	0.6082
77	230	0.7058
77	245	0.6405
77	310	0.6602
78	78	1
78	101	0.6105
78	175	0.5948
78	223	0.5765
79	5	0.6533
79	7	0.669
79	28	0.633
79	46	0.7582
79	49	0.7582
79	79	1
79	80	0.7378
79	100	0.6679
79	106	0.6963
79	121	0.7043
79	137	0.6657
79	139	0.6773
79	146	0.5943
79	163	0.6927
79	170	0.7963
79	172	0.6734
79	174	0.5886
79	196	0.6049
79	246	0.6435
79	247	0.7712
79	249	0.6348
79	260	0.6501
79	280	0.76
79	314	0.6558
80	4	0.6295
80	5	0.6806
80	19	0.6816
80	28	0.6302
80	46	0.9697
80	49	0.9697
80	52	0.6757
80	59	0.6434
80	65	0.6318
80	79	0.7378
80	80	1
80	97	0.6434
80	100	0.6606
80	106	0.6717
80	122	0.6367
80	124	0.5746
80	139	0.6919
80	141	0.6588
80	148	0.667
80	163	0.8085
80	167	0.5038
80	170	0.7055
80	172	0.6901
80	188	0.5242
80	194	0.6862
80	198	0.6264
80	204	0.6544
80	227	0.5242
80	232	0.6467
80	236	0.6178
80	247	0.7192
80	262	0.591
80	280	0.7373
80	311	0.6841
81	12	0.6209
81	20	0.5838
81	44	0.762
81	57	0.8475
81	60	0.7797
81	68	0.6395
81	77	0.6627
81	81	1
81	126	0.6444
81	130	0.7583
81	132	0.6099
81	142	0.6395
81	156	0.609
81	168	0.9608
81	193	0.7378
81	196	0.6143
81	235	0.7949
81	245	0.5977
81	288	0.6088
81	290	0.625
81	309	0.608
82	32	0.9473
82	33	0.8398
82	55	0.5604
82	82	1
82	124	0.5822
82	188	0.6178
82	210	0.8731
82	219	0.5668
82	227	0.6178
82	274	0.6018
83	11	0.6583
83	27	0.635
83	40	0.6686
83	46	0.6828
83	49	0.6828
83	63	0.6078
83	83	1
83	106	0.7068
83	119	0.6373
83	122	0.7105
83	125	0.7582
83	135	0.7316
83	136	0.6509
83	163	0.6646
83	172	0.7532
83	173	0.7556
83	194	0.6723
83	195	0.6401
83	198	0.6736
83	233	0.6336
83	268	0.7227
83	298	0.7478
83	311	0.7102
84	31	0.641
84	45	0.5811
84	68	0.6384
84	71	0.6712
84	84	1
84	87	0.6487
84	107	0.6537
84	137	0.6715
84	142	0.6384
84	173	0.6729
84	177	0.6992
84	182	0.6322
84	186	0.691
84	197	0.6019
84	203	0.6483
84	230	0.6224
84	231	0.6451
84	240	0.6349
84	246	0.6447
84	267	0.7415
84	271	0.763
84	276	0.7195
84	278	0.7292
84	290	0.6257
84	294	0.6952
84	299	0.7303
84	310	0.612
84	314	0.6305
85	26	0.6033
85	42	0.6042
85	50	0.6693
85	62	0.6482
85	66	0.6435
85	85	1
85	91	0.6604
85	92	0.6404
85	111	0.6152
85	113	0.652
85	126	0.6282
85	127	0.6607
85	134	0.7513
85	153	0.6364
85	161	0.7033
85	178	0.6252
85	182	0.6568
85	212	0.6467
85	220	0.6566
85	245	0.6009
85	251	0.6116
85	269	0.6374
85	282	0.6033
85	296	0.8963
85	315	0.6302
86	13	0.6315
86	28	0.6277
86	40	0.6891
86	86	1
86	94	0.6105
86	158	0.7721
86	162	0.6889
86	179	0.5854
86	226	0.6403
86	264	0.6319
87	66	0.6432
87	70	0.775
87	87	1
87	90	0.6583
87	108	0.6426
87	113	0.6307
87	115	0.6542
87	127	0.6364
87	159	0.6187
87	161	0.6388
87	203	0.9754
87	231	0.9792
87	277	0.6438
87	315	0.6273
88	3	0.6043
88	22	0.6594
88	35	1
88	61	0.7683
88	88	1
88	94	0.628
88	129	0.6602
88	183	0.6434
88	190	0.7822
88	194	0.6712
88	249	0.6385
88	258	0.681
88	263	0.6133
88	288	0.66
88	309	0.6447
88	313	0.631
89	42	0.6048
89	50	0.6508
89	53	1
89	54	0.6529
89	89	1
89	285	0.69
90	13	0.6409
90	62	0.6818
90	70	0.6812
90	73	0.6174
90	87	0.6583
90	90	1
90	101	0.5786
90	161	0.6397
90	178	0.6249
90	203	0.6605
90	222	0.6138
90	231	0.6568
90	234	0.645
90	272	0.66
90	295	0.6053
91	62	0.6636
91	73	0.6172
91	85	0.6604
91	91	1
91	123	0.619
91	134	0.6581
91	153	0.6368
91	161	0.6431
91	175	0.577
91	182	0.635
91	212	0.6622
91	220	0.6877
91	251	0.737
91	296	0.6555
92	9	0.586
92	16	0.577
92	26	0.6051
92	37	0.6237
92	67	0.6253
92	78	0.5646
92	85	0.6404
92	92	1
92	105	0.5887
92	113	0.6697
92	127	0.6497
92	160	0.6319
92	202	0.6353
92	223	0.5704
92	226	0.6293
92	234	0.6493
92	282	0.6051
92	291	0.6338
92	296	0.6404
93	93	1
93	293	0.5483
94	10	0.5992
94	23	0.6016
94	35	0.628
94	61	0.6348
94	88	0.628
94	94	1
94	181	0.6332
94	190	0.6414
94	213	0.5742
94	224	0.6703
94	226	0.6261
94	264	0.7877
94	285	0.6252
94	288	0.6051
94	313	0.9333
95	34	0.758
95	37	0.6323
95	41	0.6442
95	42	0.6294
95	62	0.6521
95	66	0.6546
95	67	0.6404
95	70	0.6965
95	72	0.6589
95	73	0.6328
95	87	0.6586
95	90	0.6616
95	91	0.6519
95	92	0.6551
95	95	1
95	103	0.6964
95	104	0.6514
95	108	0.6341
95	112	0.807
95	113	0.6501
95	115	0.6499
95	116	0.7242
95	119	0.6413
95	123	0.6401
95	127	0.6539
95	133	0.7203
95	135	0.7162
95	136	0.6285
95	143	0.6747
95	147	0.6743
95	149	0.7848
95	152	0.7063
95	159	0.609
95	160	0.6384
95	161	0.6408
95	164	0.6096
95	173	0.6939
95	175	0.5719
95	176	0.6608
95	178	0.6444
95	180	0.6653
95	182	0.6334
95	185	0.6783
95	191	0.5741
95	202	0.6163
95	203	0.6593
95	208	0.6259
95	209	0.6283
95	211	0.7245
95	217	0.6901
95	231	0.6501
95	238	0.5807
95	244	0.664
95	250	0.6546
95	257	0.6632
95	259	0.6667
95	261	0.6387
95	265	0.7669
95	268	0.7263
95	270	0.654
95	272	0.6731
95	275	0.7749
95	277	0.6337
95	283	0.6868
95	284	0.6644
95	295	0.6016
95	297	0.7086
95	300	0.7039
95	302	0.7349
95	303	0.5996
95	308	0.6604
95	315	0.6252
96	8	0.7568
96	24	0.7929
96	48	0.692
96	71	0.6797
96	74	0.6502
96	96	1
96	110	0.7656
96	118	0.6515
96	177	0.7719
96	200	0.7641
96	266	0.5517
96	267	0.6933
96	294	0.7674
96	299	0.7383
96	306	0.8206
97	8	0.6821
97	19	0.7295
97	55	0.5421
97	59	1
97	97	1
97	141	0.942
97	154	0.6343
97	162	0.631
97	204	0.7551
97	219	0.5479
97	232	0.6947
97	237	0.6535
97	241	0.6721
97	266	0.5471
98	11	0.6478
98	27	0.6356
98	63	0.6192
98	69	0.652
98	98	1
98	140	0.6781
98	157	0.7484
98	165	0.6351
98	179	0.5889
98	214	0.6429
99	42	0.6052
99	99	1
99	254	0.7106
99	269	0.631
100	5	0.9467
100	76	0.6166
100	79	0.6679
100	100	1
100	139	0.8765
100	204	0.6627
100	247	0.6641
100	274	0.6561
100	308	0.6413
101	78	0.6105
101	101	1
101	144	0.5742
101	175	0.6377
101	191	0.6474
102	1	0.6044
102	6	0.7451
102	14	0.8448
102	15	0.6743
102	17	0.7504
102	58	0.7258
102	102	1
102	120	0.6743
102	215	0.8418
102	228	0.7872
102	229	0.5592
102	242	0.6634
102	253	0.7417
103	16	0.6064
103	34	0.7352
103	41	0.6809
103	42	0.604
103	70	0.6469
103	73	0.6093
103	78	0.564
103	103	1
103	116	0.6632
103	143	0.6449
103	147	0.6449
103	149	0.7006
103	175	0.576
103	185	0.6596
103	208	0.6071
103	209	0.6023
103	233	0.6533
103	244	0.6554
103	270	0.7291
103	275	0.8002
103	284	0.6686
103	300	0.6841
103	303	0.5952
103	309	0.6186
104	37	0.7842
104	45	0.5968
104	67	0.7742
104	76	0.6173
104	104	1
104	119	0.6358
104	144	0.5834
104	191	0.5776
104	200	0.6588
104	202	0.6468
104	261	0.8524
105	9	0.5775
105	26	0.5891
105	105	1
105	223	0.6382
105	282	0.5891
106	11	0.6604
106	18	0.6388
106	28	0.631
106	40	0.687
106	41	0.6611
106	65	0.6671
106	75	0.6394
106	79	0.6963
106	83	0.7068
106	86	0.633
106	100	0.6502
106	106	1
106	121	0.6915
106	125	0.6872
106	136	0.6388
106	138	0.6154
106	139	0.6576
106	163	0.6458
106	170	0.6888
106	172	0.7931
106	174	0.6317
106	186	0.669
106	195	0.6455
106	260	0.6456
106	280	0.6745
106	301	0.6641
106	304	0.6572
107	10	0.6031
107	37	0.6373
107	45	0.5812
107	50	0.6917
107	53	0.6511
107	54	0.7022
107	89	0.6511
107	92	0.6452
107	104	0.642
107	107	1
107	137	0.6835
107	197	0.5924
107	216	0.6835
107	224	0.6234
107	226	0.6334
107	271	0.6727
107	273	0.7045
107	285	0.7578
107	291	0.6291
107	301	0.6646
108	87	0.6426
108	108	1
108	169	0.6358
108	190	0.6217
108	203	0.6437
108	231	0.6436
108	249	0.655
108	288	0.6085
108	309	0.6078
109	31	0.6365
109	57	0.6105
109	60	0.6251
109	93	0.5875
109	99	0.5874
109	109	1
109	111	0.7028
109	130	0.6237
109	193	0.62
109	202	0.621
109	235	0.6146
109	240	0.6975
109	254	0.5745
109	269	0.6291
109	293	0.5614
109	310	0.6478
110	8	0.7743
110	19	0.6396
110	24	0.7913
110	45	0.5812
110	48	0.6533
110	71	0.7512
110	74	0.6064
110	96	0.7656
110	110	1
110	118	0.6381
110	138	0.6415
110	177	0.7404
110	200	0.6779
110	225	0.6451
110	239	0.6231
110	263	0.6214
110	267	0.6876
110	271	0.6567
110	289	0.6459
110	294	0.7107
110	299	0.7232
110	306	0.726
111	12	0.62
111	93	0.5617
111	109	0.7028
111	111	1
111	144	0.5746
111	156	0.6079
111	196	0.6322
111	240	0.617
111	293	0.5495
112	16	0.5764
112	34	0.7108
112	38	0.5798
112	42	0.6269
112	53	0.6279
112	66	0.647
112	70	0.6975
112	72	0.6445
112	73	0.6232
112	87	0.6582
112	89	0.6279
112	90	0.6745
112	91	0.6508
112	95	0.807
112	101	0.5847
112	103	0.6778
112	112	1
112	113	0.6551
112	115	0.6479
112	116	0.704
112	119	0.6376
112	123	0.6364
112	127	0.6492
112	133	0.7006
112	134	0.6204
112	135	0.7149
112	136	0.6277
112	143	0.675
112	147	0.6435
112	149	0.7781
112	152	0.7034
112	160	0.6289
112	164	0.6133
112	173	0.6978
112	175	0.5768
112	178	0.6477
112	182	0.6299
112	191	0.5855
112	192	0.5931
112	203	0.657
112	208	0.6234
112	209	0.6189
112	211	0.7065
112	217	0.6827
112	231	0.6507
112	244	0.644
112	250	0.64
112	257	0.6645
112	259	0.68
112	265	0.7393
112	268	0.7219
112	272	0.6611
112	275	0.7496
112	283	0.6823
112	292	0.5854
112	295	0.5945
112	297	0.7049
112	302	0.7305
112	303	0.5958
113	9	0.6094
113	53	0.6199
113	67	0.6438
113	73	0.6092
113	78	0.566
113	85	0.652
113	89	0.6199
113	92	0.6697
113	111	0.6226
113	113	1
113	123	0.6161
113	127	0.6979
113	134	0.6201
113	159	0.614
113	202	0.6129
113	209	0.6005
113	223	0.5675
113	245	0.6063
113	315	0.625
114	6	0.7482
114	14	0.8004
114	17	0.7012
114	21	0.7959
114	36	0.9836
114	64	0.9918
114	102	0.7275
114	114	1
114	117	0.8094
114	131	0.8839
114	145	0.8037
114	150	0.7842
114	151	0.6947
114	184	0.8729
114	189	0.6685
114	199	0.8852
114	207	0.75
114	215	0.7885
114	228	0.7372
114	229	0.5689
114	281	0.7208
114	286	0.9918
115	16	0.5801
115	70	0.6487
115	87	0.6542
115	115	1
115	176	0.6603
115	180	0.6501
115	203	0.6552
115	229	0.5629
115	231	0.6553
115	283	0.6808
115	305	0.6417
116	13	0.6304
116	34	0.7284
116	37	0.6304
116	38	0.5659
116	66	0.6451
116	70	0.6533
116	78	0.5776
116	95	0.7242
116	101	0.5918
116	103	0.6632
116	112	0.704
116	115	0.6451
116	116	1
116	123	0.6234
116	143	0.6732
116	149	0.7007
116	160	0.6394
116	166	0.5482
116	175	0.5893
116	178	0.6286
116	191	0.5896
116	192	0.5954
116	202	0.605
116	208	0.612
116	209	0.6053
116	223	0.5717
116	234	0.645
116	238	0.5853
116	244	0.6323
116	257	0.662
116	261	0.6339
116	268	0.6804
116	270	0.644
116	272	0.648
116	275	0.717
116	284	0.6873
116	292	0.5895
116	297	0.6729
116	300	0.6708
116	302	0.6712
116	308	0.6473
117	2	0.6753
117	21	0.8082
117	36	0.8193
117	39	0.7592
117	43	0.7639
117	47	0.7195
117	51	0.7509
117	64	0.8143
117	114	0.8094
117	117	1
117	131	0.7524
117	145	0.8026
117	150	0.7713
117	151	0.7348
117	184	0.8866
117	189	0.7031
117	199	0.8839
117	205	0.6449
117	207	0.8225
117	210	0.6103
117	279	0.6358
117	286	0.8143
117	312	0.7046
118	48	0.6457
118	74	0.6077
118	96	0.6515
118	118	1
118	225	0.7684
118	289	0.6507
118	301	0.6627
118	306	0.6601
119	23	0.6281
119	30	0.631
119	37	0.6834
119	67	0.6654
119	93	0.5407
119	104	0.6358
119	119	1
119	144	0.5787
119	202	0.6051
119	209	0.6042
119	213	0.595
119	233	0.644
119	248	0.621
119	261	0.6599
120	15	1
120	58	0.6614
120	120	1
120	176	0.6582
120	180	0.7048
120	237	0.6468
120	241	0.673
120	242	0.6863
120	255	0.7359
121	4	0.6014
121	8	0.7159
121	24	0.7232
121	27	0.6504
121	46	0.689
121	49	0.689
121	69	0.6503
121	71	0.7402
121	79	0.7043
121	83	0.678
121	100	0.6558
121	106	0.6915
121	107	0.6564
121	110	0.667
121	118	0.612
121	121	1
121	125	0.6538
121	129	0.6892
121	137	0.7119
121	163	0.6692
121	170	0.667
121	172	0.7004
121	181	0.6619
121	197	0.5937
121	225	0.6889
121	243	0.6713
121	247	0.6726
121	267	0.6895
121	278	0.6686
121	280	0.6537
121	289	0.6841
121	301	0.6858
122	3	0.6189
122	69	0.6809
122	83	0.7105
122	122	1
122	183	0.6272
122	194	0.7063
122	198	0.7551
122	201	0.6978
122	206	0.6429
122	249	0.6398
122	287	0.6978
122	298	0.7825
122	311	0.8679
123	38	0.5808
123	42	0.6023
123	60	0.6172
123	66	0.647
123	123	1
124	32	0.5974
124	55	0.5684
124	124	1
124	167	0.5095
124	188	0.7232
124	219	0.5872
124	227	0.7232
124	236	0.7987
124	262	0.6478
125	11	0.6905
125	27	0.6328
125	40	0.7073
125	63	0.6176
125	83	0.7582
125	106	0.6872
125	125	1
125	140	0.6665
125	172	0.7532
125	186	0.6649
125	195	0.6407
125	201	0.6535
125	233	0.6337
125	247	0.6954
125	248	0.6073
125	266	0.5484
125	287	0.6535
125	298	0.6904
125	301	0.6563
126	29	0.6509
126	31	0.6433
126	77	0.8384
126	81	0.6444
126	99	0.6064
126	126	1
126	132	0.6116
126	168	0.6429
126	230	0.6481
126	245	0.632
126	246	0.645
126	269	0.6362
126	277	0.6266
126	310	0.6186
126	314	0.6533
127	16	0.5808
127	26	0.6065
127	67	0.6362
127	70	0.6637
127	85	0.6607
127	92	0.6497
127	105	0.5712
127	111	0.6205
127	113	0.6979
127	123	0.6206
127	127	1
127	134	0.6289
127	144	0.5687
127	159	0.6177
127	202	0.6341
127	223	0.5813
127	245	0.6045
127	261	0.631
127	277	0.6542
127	282	0.6065
127	315	0.65
128	12	0.6645
128	13	0.7036
128	20	0.5765
128	56	0.7933
128	128	1
128	166	0.5669
128	167	0.5032
128	171	0.7123
128	212	0.6743
128	216	0.7017
128	220	0.6491
128	222	0.6517
128	234	0.6789
128	252	0.8623
129	22	0.7632
129	35	0.6602
129	48	0.6423
129	61	0.6584
129	63	0.615
129	71	0.6631
129	74	0.642
129	88	0.6602
129	94	0.6379
129	121	0.6892
129	129	1
129	181	0.865
129	183	0.6622
129	190	0.6656
129	213	0.5699
129	225	0.6827
129	248	0.6108
129	250	0.6423
129	258	0.6511
129	288	0.6053
129	313	0.6375
130	20	0.5753
130	44	0.8659
130	57	0.8133
130	60	0.8087
130	81	0.7583
130	109	0.6237
130	130	1
130	168	0.7544
130	193	0.9458
130	235	0.7668
130	256	0.6324
130	269	0.6362
130	310	0.6214
130	314	0.6296
131	14	0.7427
131	21	0.8811
131	36	0.8822
131	39	0.7528
131	43	0.7818
131	47	0.7036
131	51	0.7713
131	64	0.8901
131	102	0.6828
131	114	0.8839
131	117	0.7524
131	131	1
131	145	0.8902
131	150	0.7217
131	151	0.7288
131	184	0.7954
131	189	0.6984
131	199	0.8075
131	215	0.7322
131	228	0.6855
131	279	0.6452
131	286	0.8901
131	312	0.7009
132	29	0.658
132	99	0.5898
132	132	1
132	235	0.6211
132	254	0.5699
133	72	0.6483
133	95	0.7203
133	108	0.6304
133	112	0.7006
133	133	1
133	135	0.7014
133	147	0.6518
133	149	0.6943
133	152	0.7826
133	160	0.6218
133	173	0.6895
133	185	0.6551
133	191	0.5749
133	211	0.9885
133	217	0.6661
133	221	0.6773
133	238	0.5802
133	244	0.6302
133	250	0.6519
133	257	0.6404
133	258	0.6413
133	259	0.6814
133	265	0.6952
133	268	0.697
133	275	0.6761
133	277	0.631
133	283	0.6739
133	297	0.6533
133	302	0.6801
133	305	0.6381
133	307	0.5889
134	85	0.7513
134	91	0.6581
134	134	1
134	156	0.5986
134	161	0.6981
134	166	0.5558
134	175	0.5821
134	182	0.679
134	196	0.6151
134	212	0.6429
134	220	0.6571
134	222	0.6115
134	245	0.6008
134	251	0.6226
134	296	0.7484
135	34	0.6778
135	72	0.6367
135	83	0.7316
135	84	0.6722
135	95	0.7162
135	104	0.6357
135	108	0.6328
135	112	0.7149
135	116	0.6763
135	125	0.6555
135	133	0.7014
135	135	1
135	136	0.6477
135	152	0.6859
135	173	0.9318
135	186	0.6794
135	192	0.587
135	198	0.6247
135	211	0.7044
135	217	0.6686
135	221	0.6339
135	243	0.6646
135	250	0.6411
135	257	0.6457
135	259	0.6673
135	265	0.7062
135	268	0.9802
135	276	0.7089
135	278	0.6935
135	283	0.6577
135	292	0.5856
135	300	0.6731
135	302	0.7041
135	305	0.6492
136	10	0.6202
136	136	1
136	174	0.5873
136	195	0.62
137	71	0.6842
137	74	0.6065
137	79	0.6657
137	84	0.6715
137	107	0.6835
137	121	0.7119
137	137	1
137	243	0.6751
137	267	0.6835
137	276	0.6817
137	289	0.6409
137	294	0.641
137	299	0.6939
138	18	0.6664
138	19	0.6355
138	55	0.6009
138	75	0.6125
138	138	1
138	146	0.645
138	156	0.6131
138	174	0.6006
138	219	0.5986
138	224	0.6528
138	239	0.8353
138	263	0.7232
139	5	0.8803
139	31	0.6505
139	40	0.6773
139	46	0.7058
139	49	0.7058
139	76	0.6384
139	79	0.6773
139	80	0.6919
139	100	0.8765
139	139	1
139	163	0.6639
139	247	0.6992
139	262	0.5665
139	274	0.6735
139	284	0.666
140	11	0.783
140	18	0.631
140	27	0.6257
140	52	0.6962
140	63	0.6422
140	69	0.6732
140	98	0.6781
140	125	0.6665
140	140	1
140	157	0.6748
140	165	0.65
140	187	0.5825
140	195	0.6265
140	201	0.705
140	206	0.6973
140	221	0.631
140	287	0.705
140	298	0.6654
141	19	0.75
141	59	0.942
141	97	0.942
141	141	1
141	154	0.6288
141	204	0.7375
141	232	0.7139
141	241	0.6706
141	262	0.5692
142	29	0.6352
142	31	0.6402
142	44	0.6094
142	57	0.6418
142	60	0.6209
142	68	1
142	77	0.6152
142	81	0.6395
142	132	0.6052
142	142	1
142	156	0.6407
142	168	0.6333
142	196	0.6295
142	230	0.6645
142	235	0.6096
142	246	0.6476
142	290	0.8944
142	314	0.6315
143	38	0.6077
143	42	0.6027
143	66	0.6665
143	101	0.581
143	116	0.6732
143	143	1
143	175	0.5803
143	192	0.5985
143	292	0.5972
144	144	1
144	191	0.5904
145	2	0.6943
145	21	0.9886
145	32	0.6188
145	33	0.5862
145	36	0.8141
145	39	0.8006
145	43	0.853
145	47	0.7442
145	51	0.8516
145	64	0.8089
145	82	0.6046
145	114	0.8037
145	117	0.8026
145	131	0.8902
145	145	1
145	150	0.7583
145	151	0.769
145	184	0.8604
145	189	0.7315
145	199	0.8749
145	205	0.6594
145	207	0.7212
145	210	0.6379
145	255	0.7677
145	279	0.6552
145	286	0.8089
145	312	0.7217
146	9	0.5831
146	19	0.6373
146	23	0.5965
146	28	0.6741
146	30	0.5932
146	138	0.645
146	146	1
146	248	0.6476
146	263	0.6942
147	9	0.5771
147	30	0.6063
147	41	0.6617
147	146	0.6197
147	147	1
147	185	0.6927
147	208	0.6212
147	238	0.5957
147	244	0.641
147	270	0.6415
147	300	0.6928
147	308	0.6598
148	7	0.7181
148	25	0.5848
148	52	0.826
148	148	1
148	155	0.7617
148	158	0.6556
148	165	0.6422
148	187	0.6658
148	188	0.5316
148	201	0.6771
148	206	0.7104
148	218	0.6253
148	227	0.5316
148	260	0.6493
148	287	0.6771
149	16	0.5879
149	26	0.587
149	30	0.5865
149	34	0.7312
149	41	0.6388
149	42	0.6186
149	53	0.6206
149	66	0.6431
149	70	0.6676
149	72	0.6551
149	73	0.6166
149	89	0.6206
149	90	0.6635
149	91	0.6364
149	92	0.6475
149	95	0.7848
149	101	0.5859
149	103	0.7006
149	104	0.6355
149	108	0.637
149	112	0.7781
149	113	0.6525
149	115	0.6668
149	116	0.7007
149	123	0.6276
149	127	0.6402
149	133	0.6943
149	136	0.6303
149	143	0.6639
149	147	0.6553
149	149	1
149	152	0.6851
149	160	0.6487
149	164	0.6215
149	175	0.5794
149	176	0.6599
149	178	0.6377
149	180	0.6577
149	185	0.6635
149	191	0.5798
149	208	0.6212
149	209	0.6192
149	211	0.6967
149	217	0.6784
149	244	0.6748
149	250	0.6386
149	257	0.6623
149	259	0.6669
149	265	0.7453
149	270	0.6451
149	272	0.6598
149	275	0.7589
149	282	0.587
149	283	0.6995
149	284	0.6754
149	297	0.7035
149	300	0.68
149	302	0.7183
149	303	0.603
150	1	0.5899
150	17	0.8172
150	36	0.7869
150	58	0.6525
150	64	0.783
150	114	0.7842
150	117	0.7713
150	150	1
150	184	0.8302
150	199	0.8413
150	207	0.7136
150	215	0.7471
150	286	0.783
150	312	0.7155
151	2	0.671
151	21	0.7742
151	32	0.621
151	33	0.5902
151	39	0.725
151	43	0.7507
151	51	0.7353
151	82	0.6075
151	145	0.769
151	151	1
151	189	0.9308
151	205	0.6395
151	210	0.6392
151	241	0.6526
152	72	0.6523
152	95	0.7063
152	112	0.7034
152	133	0.7826
152	135	0.6859
152	149	0.6851
152	152	1
152	154	0.6307
152	164	0.5937
152	211	0.7879
152	221	0.6365
152	238	0.588
152	250	0.667
152	268	0.6842
152	275	0.6819
152	283	0.6794
152	297	0.6441
152	302	0.6799
152	305	0.6373
153	12	0.6509
153	13	0.6399
153	20	0.5624
153	56	0.6557
153	62	0.8416
153	91	0.6368
153	128	0.6184
153	134	0.6273
153	153	1
153	171	0.6392
153	212	0.8143
153	220	0.7705
153	222	0.6377
153	251	0.6271
153	252	0.6509
153	295	0.6075
154	4	0.6072
154	154	1
154	176	0.659
154	180	0.6503
154	237	0.6623
154	242	0.6758
155	7	0.6469
155	25	0.5751
155	52	0.7532
155	148	0.7617
155	155	1
155	165	0.6497
155	187	0.6647
155	206	0.73
155	218	0.6295
155	264	0.6226
156	18	0.678
156	68	0.6407
156	77	0.6162
156	138	0.6131
156	142	0.6407
156	156	1
156	174	0.595
156	196	0.8705
156	230	0.6227
156	239	0.6366
157	18	0.6254
157	48	0.6535
157	69	0.7953
157	98	0.7484
157	118	0.6105
157	140	0.6748
157	157	1
157	165	0.6931
157	179	0.6027
157	206	0.6529
157	214	0.6629
157	218	0.6227
158	3	0.6079
158	28	0.643
158	40	0.6871
158	65	0.6294
158	75	0.6172
158	86	0.7721
158	148	0.6556
158	155	0.627
158	158	1
158	162	0.6789
158	170	0.6893
158	179	0.586
158	187	0.5864
158	195	0.6182
158	214	0.6046
158	218	0.633
158	260	0.6716
158	304	0.6368
158	314	0.6303
159	73	0.6095
159	159	1
159	166	0.5489
159	277	0.6326
159	293	0.5627
160	26	0.8126
160	30	0.6108
160	78	0.5687
160	105	0.5783
160	160	1
160	223	0.6041
160	238	0.5854
160	282	0.8126
161	50	0.6513
161	62	0.6714
161	73	0.6145
161	85	0.7033
161	87	0.6388
161	91	0.6431
161	123	0.6151
161	134	0.6981
161	161	1
161	166	0.5506
161	178	0.6268
161	182	0.6761
161	203	0.6385
161	216	0.6569
161	220	0.6385
161	231	0.6355
161	251	0.6135
161	256	0.644
161	290	0.6263
161	296	0.7184
162	10	0.6011
162	25	0.5495
162	28	0.6283
162	40	0.6684
162	75	0.6093
162	86	0.6889
162	93	0.5396
162	146	0.5937
162	158	0.6789
162	162	1
162	179	0.6003
162	195	0.6219
162	214	0.6206
162	218	0.6255
162	233	0.6361
162	260	0.652
162	264	0.6134
162	301	0.6778
163	4	0.6272
163	5	0.6624
163	19	0.6405
163	46	0.8295
163	49	0.8295
163	79	0.6927
163	80	0.8085
163	139	0.6639
163	163	1
163	169	0.6512
163	170	0.6726
163	194	0.64
163	232	0.6416
163	247	0.6901
163	249	0.6283
163	280	0.6968
164	164	1
164	192	0.5902
164	292	0.5855
165	18	0.6533
165	22	0.6452
165	48	0.6453
165	52	0.6557
165	69	0.6609
165	98	0.6351
165	140	0.65
165	155	0.6497
165	157	0.6931
165	165	1
165	183	0.6253
165	187	0.5873
165	206	0.7371
165	214	0.6029
166	166	1
167	167	1
168	12	0.6239
168	20	0.5747
168	44	0.7937
168	57	0.8191
168	60	0.8136
168	68	0.6333
168	77	0.6551
168	81	0.9608
168	126	0.6429
168	130	0.7544
168	132	0.6096
168	142	0.6333
168	156	0.6041
168	168	1
168	193	0.7349
168	196	0.6095
168	235	0.7716
168	309	0.6204
169	3	0.6105
169	108	0.6358
169	163	0.6512
169	169	1
169	221	0.6357
169	241	0.648
169	303	0.61
170	7	0.6878
170	19	0.6628
170	23	0.5916
170	28	0.7135
170	40	0.6876
170	46	0.7246
170	49	0.7246
170	65	0.6514
170	75	0.6185
170	79	0.7963
170	80	0.7055
170	86	0.6621
170	100	0.6509
170	106	0.6888
170	139	0.6561
170	141	0.6543
170	146	0.6245
170	158	0.6893
170	162	0.6642
170	163	0.6726
170	170	1
170	172	0.6933
170	179	0.5989
170	214	0.6111
170	218	0.6421
170	246	0.6293
170	247	0.7176
170	249	0.6283
170	260	0.6637
170	280	0.7647
170	304	0.6658
170	307	0.5871
170	314	0.653
171	12	0.6424
171	13	0.6945
171	56	0.7429
171	128	0.7123
171	153	0.6392
171	166	0.5497
171	171	1
171	212	0.6397
171	216	0.6767
171	220	0.6276
171	222	0.6961
171	234	0.6668
171	252	0.758
171	256	0.618
172	11	0.666
172	25	0.5418
172	27	0.6384
172	28	0.6513
172	40	0.7299
172	46	0.6981
172	49	0.6981
172	65	0.6641
172	75	0.6411
172	79	0.6734
172	80	0.6901
172	83	0.7532
172	86	0.6397
172	106	0.7931
172	121	0.7004
172	122	0.6625
172	125	0.7532
172	136	0.6274
172	139	0.6532
172	140	0.6482
172	148	0.6694
172	155	0.6129
172	158	0.6611
172	162	0.6443
172	163	0.6549
172	170	0.6933
172	172	1
172	183	0.6245
172	195	0.667
172	198	0.6274
172	201	0.7216
172	206	0.7117
172	247	0.6716
172	260	0.6609
172	280	0.6727
172	287	0.7216
172	298	0.6388
172	304	0.6633
172	311	0.6684
173	72	0.6345
173	83	0.7556
173	84	0.6729
173	107	0.6568
173	112	0.6978
173	119	0.6368
173	125	0.6686
173	133	0.6895
173	135	0.9318
173	136	0.6485
173	137	0.6605
173	152	0.6714
173	173	1
173	186	0.6746
173	198	0.6338
173	211	0.6927
173	217	0.6576
173	221	0.6354
173	243	0.6588
173	250	0.6391
173	259	0.6742
173	265	0.6984
173	268	0.9148
173	276	0.7395
173	278	0.7108
173	298	0.6469
173	302	0.7022
173	308	0.6371
174	18	0.6903
174	174	1
174	239	0.6113
175	78	0.5948
175	101	0.6377
175	175	1
176	115	0.6603
176	154	0.659
176	164	0.6005
176	176	1
176	180	0.8265
176	192	0.5963
176	237	0.6431
176	242	0.6549
176	283	0.7325
176	292	0.5863
177	8	0.7666
177	24	0.7976
177	48	0.7165
177	71	0.699
177	74	0.6213
177	84	0.6992
177	96	0.7719
177	110	0.7404
177	118	0.6256
177	157	0.645
177	177	1
177	181	0.6398
177	200	0.6804
177	225	0.6469
177	258	0.6333
177	266	0.5509
177	267	0.7829
177	271	0.7137
177	276	0.7377
177	278	0.7232
177	289	0.6807
177	294	0.6992
177	299	0.848
177	306	0.7708
178	10	0.5994
178	101	0.5798
178	166	0.5527
178	178	1
178	191	0.5747
178	272	0.74
179	179	1
179	213	0.5708
179	214	0.6627
179	307	0.8604
180	1	0.5898
180	5	0.6596
180	15	0.7048
180	16	0.5766
180	59	0.6414
180	97	0.6414
180	115	0.6501
180	120	0.7048
180	141	0.6368
180	154	0.6503
180	169	0.6314
180	176	0.8265
180	180	1
180	192	0.5918
180	237	0.6387
180	283	0.6918
180	292	0.5846
181	22	0.662
181	61	0.631
181	63	0.6092
181	74	0.6607
181	94	0.6332
181	129	0.865
181	181	1
181	190	0.6282
181	213	0.5743
181	225	0.693
181	250	0.6395
181	258	0.6364
181	313	0.6331
182	50	0.6638
182	62	0.6474
182	85	0.6568
182	91	0.635
182	130	0.6199
182	134	0.679
182	161	0.6761
182	182	1
182	193	0.641
182	240	0.6044
182	251	0.619
182	256	0.6168
182	271	0.6518
182	296	0.6721
183	3	0.6576
183	22	0.7825
183	35	0.6434
183	88	0.6434
183	129	0.6622
183	183	1
184	2	0.6876
184	6	0.7232
184	17	0.7155
184	21	0.8677
184	32	0.6081
184	33	0.577
184	36	0.8859
184	39	0.7474
184	43	0.7847
184	47	0.7002
184	51	0.7816
184	64	0.8793
184	82	0.5947
184	114	0.8729
184	117	0.8866
184	131	0.7954
184	145	0.8604
184	150	0.8302
184	151	0.7272
184	184	1
184	189	0.6946
184	199	0.9845
184	205	0.6545
184	207	0.8111
184	210	0.6261
184	253	0.7343
184	255	0.7304
184	279	0.6514
184	281	0.7343
184	286	0.8793
184	312	0.6981
185	16	0.5773
185	30	0.6095
185	41	0.6523
185	93	0.5422
185	103	0.6596
185	105	0.5758
185	147	0.6927
185	164	0.5996
185	185	1
185	191	0.5762
185	208	0.6184
185	223	0.5709
185	238	0.6156
185	244	0.6489
185	265	0.696
185	270	0.65
185	300	0.7039
185	308	0.7123
186	10	0.6093
186	11	0.6667
186	26	0.5901
186	50	0.6422
186	53	0.6222
186	54	0.6488
186	68	0.6286
186	84	0.691
186	86	0.6426
186	87	0.6449
186	89	0.6222
186	92	0.6454
186	106	0.669
186	107	0.6571
186	119	0.6392
186	125	0.6649
186	135	0.6794
186	136	0.6464
186	142	0.6286
186	161	0.6442
186	173	0.6746
186	182	0.6368
186	186	1
186	195	0.6255
186	197	0.5948
186	203	0.6431
186	216	0.6733
186	217	0.6594
186	221	0.6473
186	231	0.6401
186	258	0.6318
186	259	0.6648
186	271	0.6729
186	273	0.6805
186	277	0.6254
186	278	0.6766
186	282	0.5901
186	290	0.6301
186	291	0.6237
186	296	0.6454
186	301	0.6833
186	305	0.6481
186	307	0.6006
186	315	0.6387
187	25	0.5513
187	52	0.6547
187	148	0.6658
187	155	0.6647
187	187	1
187	206	0.6388
187	218	0.7484
187	254	0.581
188	32	0.6352
188	82	0.6178
188	124	0.7232
188	188	1
188	210	0.631
188	227	1
188	236	0.6603
189	2	0.6733
189	32	0.6053
189	33	0.5875
189	39	0.7268
189	82	0.5983
189	151	0.9308
189	189	1
189	241	0.6604
190	22	0.6622
190	35	0.7822
190	61	0.9625
190	88	0.7822
190	94	0.6414
190	129	0.6656
190	190	1
190	258	0.6941
190	263	0.6232
190	288	0.6517
190	309	0.6389
190	313	0.6347
191	78	0.5656
191	101	0.6474
191	144	0.5904
191	191	1
192	38	0.6119
192	192	1
192	292	0.9703
193	20	0.5839
193	44	0.8322
193	57	0.7774
193	60	0.7776
193	81	0.7378
193	109	0.62
193	130	0.9458
193	168	0.7349
193	182	0.641
193	193	1
193	235	0.7398
193	251	0.605
193	256	0.6393
194	35	0.6712
194	61	0.634
194	80	0.6862
194	83	0.6723
194	88	0.6712
194	122	0.7063
194	190	0.6247
194	194	1
194	198	0.6516
194	263	0.6395
194	298	0.6621
194	311	0.7101
195	11	0.6867
195	195	1
196	18	0.6439
196	68	0.6295
196	111	0.6322
196	142	0.6295
196	156	0.8705
196	174	0.5812
196	196	1
196	239	0.6074
196	290	0.6368
197	1	0.5904
197	197	1
197	240	0.6316
198	83	0.6736
198	122	0.7551
198	194	0.6516
198	198	1
198	298	0.7594
198	311	0.8127
199	2	0.6826
199	6	0.7312
199	14	0.734
199	17	0.7232
199	21	0.8652
199	32	0.6039
199	33	0.5734
199	36	0.8986
199	39	0.7471
199	43	0.7838
199	47	0.695
199	51	0.7727
199	64	0.8918
199	82	0.5909
199	114	0.8852
199	117	0.8839
199	131	0.8075
199	145	0.8749
199	150	0.8413
199	151	0.7213
199	184	0.9845
199	189	0.6896
199	199	1
199	205	0.6504
199	207	0.8026
199	210	0.6215
199	229	0.5589
199	253	0.7426
199	279	0.648
199	281	0.7426
199	286	0.8918
199	312	0.6983
200	8	0.6856
200	24	0.7012
200	45	0.5852
200	93	0.5848
200	96	0.7641
200	104	0.6588
200	110	0.6779
200	144	0.5796
200	200	1
200	233	0.6638
200	240	0.6443
200	248	0.6351
200	293	0.538
200	294	0.6756
200	306	0.7006
201	7	0.768
201	22	0.6519
201	25	0.5491
201	27	0.7164
201	52	0.6863
201	69	0.7061
201	98	0.6435
201	122	0.6978
201	140	0.705
201	148	0.6771
201	155	0.6325
201	157	0.6494
201	158	0.6351
201	165	0.6478
201	172	0.7216
201	183	0.6451
201	187	0.5962
201	198	0.627
201	201	1
201	206	0.7875
201	287	1
201	298	0.654
201	311	0.6874
202	9	0.5855
202	37	0.6426
202	38	0.5614
202	104	0.6468
202	109	0.621
202	202	1
202	209	0.6057
202	223	0.5708
202	240	0.612
202	261	0.6506
203	66	0.647
203	70	0.7744
203	87	0.9754
203	90	0.6605
203	108	0.6437
203	115	0.6552
203	127	0.636
203	132	0.6043
203	159	0.6155
203	169	0.631
203	203	1
203	231	0.9778
203	277	0.6419
203	315	0.6299
204	4	0.6251
204	5	0.672
204	40	0.6602
204	55	0.5609
204	59	0.7551
204	97	0.7551
204	100	0.6627
204	138	0.6106
204	141	0.7375
204	179	0.5914
204	204	1
204	214	0.6053
204	219	0.5633
204	232	0.7795
204	237	0.6883
204	241	0.6567
204	247	0.6713
205	2	0.7697
205	39	0.7362
205	47	0.7676
205	205	1
206	7	0.6485
206	18	0.6375
206	22	0.6497
206	25	0.5651
206	52	0.7137
206	98	0.6347
206	122	0.6429
206	140	0.6973
206	148	0.7104
206	155	0.73
206	157	0.6529
206	165	0.7371
206	172	0.7117
206	183	0.631
206	187	0.6388
206	195	0.6291
206	201	0.7875
206	206	1
206	218	0.6323
206	239	0.6033
206	287	0.7875
206	311	0.6498
207	2	0.6748
207	36	0.7581
207	47	0.7517
207	51	0.7786
207	64	0.754
207	114	0.75
207	117	0.8225
207	150	0.7136
207	184	0.8111
207	199	0.8026
207	205	0.6686
207	207	1
207	279	0.6461
207	286	0.754
208	9	0.5891
208	208	1
209	202	0.6057
209	209	1
210	32	0.9193
210	33	0.7645
210	55	0.5471
210	82	0.8731
210	124	0.5848
210	188	0.631
210	210	1
210	219	0.5529
210	227	0.631
210	236	0.583
210	274	0.5962
211	30	0.5873
211	72	0.6484
211	95	0.7245
211	108	0.6296
211	112	0.7065
211	133	0.9885
211	135	0.7044
211	147	0.6507
211	149	0.6967
211	152	0.7879
211	173	0.6927
211	185	0.6551
211	191	0.5759
211	211	1
211	217	0.6682
211	221	0.6743
211	249	0.6253
211	250	0.6531
211	257	0.6459
211	258	0.639
211	259	0.6811
211	265	0.699
211	268	0.7
211	275	0.6817
211	277	0.6301
211	283	0.6736
211	297	0.6602
211	302	0.6851
211	303	0.5957
211	305	0.6371
211	307	0.5862
212	12	0.6225
212	20	0.5745
212	56	0.642
212	62	0.7365
212	85	0.6467
212	91	0.6622
212	128	0.6743
212	134	0.6429
212	153	0.8143
212	171	0.6397
212	212	1
212	220	0.894
212	222	0.6101
212	251	0.6371
212	252	0.645
212	254	0.583
212	295	0.6202
212	296	0.6524
213	23	0.6797
213	30	0.6101
213	213	1
214	98	0.6429
214	157	0.6629
214	179	0.6627
214	213	0.5774
214	214	1
214	239	0.6071
214	307	0.6216
215	1	0.5966
215	6	0.7554
215	14	0.8723
215	15	0.7025
215	17	0.8273
215	36	0.7951
215	58	0.7018
215	64	0.7918
215	102	0.8418
215	114	0.7885
215	120	0.7025
215	131	0.7322
215	150	0.7471
215	215	1
215	228	0.7961
215	229	0.5635
215	237	0.6373
215	241	0.6643
215	242	0.6966
215	253	0.7963
215	255	0.7728
215	281	0.7549
215	286	0.7918
216	10	0.6243
216	12	0.644
216	13	0.7961
216	50	0.7232
216	53	0.64
216	54	0.6722
216	56	0.7974
216	62	0.6529
216	85	0.6403
216	89	0.64
216	90	0.6514
216	107	0.6835
216	111	0.6197
216	128	0.7017
216	136	0.631
216	153	0.6382
216	161	0.6569
216	166	0.5481
216	171	0.6767
216	178	0.6277
216	182	0.6497
216	186	0.6733
216	212	0.6268
216	216	1
216	222	0.6389
216	234	0.801
216	252	0.737
216	272	0.631
216	273	0.6694
216	285	0.6826
216	288	0.6091
216	295	0.6011
216	296	0.6525
216	301	0.6933
216	309	0.6115
217	87	0.6372
217	108	0.6411
217	143	0.6327
217	169	0.6362
217	203	0.6394
217	217	1
217	231	0.6354
217	244	0.6425
217	249	0.7291
217	277	0.638
217	303	0.6261
218	7	0.658
218	23	0.5984
218	99	0.5979
218	155	0.6295
218	187	0.7484
218	214	0.6089
218	218	1
218	254	0.589
218	304	0.6351
219	55	0.9759
219	124	0.5872
219	167	0.5171
219	219	1
220	12	0.6302
220	56	0.6282
220	62	0.7606
220	85	0.6566
220	91	0.6877
220	128	0.6491
220	134	0.6571
220	153	0.7705
220	171	0.6276
220	212	0.894
220	220	1
220	251	0.6444
220	252	0.6255
220	254	0.5703
220	295	0.6201
220	296	0.6573
221	3	0.6044
221	133	0.6773
221	169	0.6357
221	174	0.5952
221	211	0.6743
221	221	1
221	243	0.6825
221	249	0.6263
221	259	0.6891
221	305	0.6528
221	307	0.5842
222	13	0.6367
222	20	0.5856
222	56	0.7148
222	75	0.6134
222	128	0.6517
222	153	0.6377
222	167	0.501
222	171	0.6961
222	174	0.5838
222	222	1
222	252	0.685
222	295	0.5949
223	26	0.6294
223	78	0.5765
223	105	0.6382
223	223	1
223	282	0.6294
224	18	0.6234
224	54	0.6743
224	94	0.6703
224	138	0.6528
224	224	1
224	226	0.6916
224	239	0.6464
224	264	0.7488
224	273	0.6399
224	285	0.7632
224	291	0.6453
224	293	0.5387
224	313	0.6596
225	63	0.6118
225	118	0.7684
225	121	0.6889
225	129	0.6827
225	146	0.5942
225	174	0.5885
225	179	0.6165
225	181	0.693
225	214	0.6228
225	225	1
225	301	0.7537
225	307	0.6118
226	50	0.6917
226	54	0.7213
226	76	0.6232
226	86	0.6403
226	94	0.6261
226	224	0.6916
226	226	1
226	264	0.6352
226	273	0.6856
226	274	0.5944
226	284	0.6623
226	285	0.6625
226	291	0.6293
226	313	0.616
227	32	0.6352
227	82	0.6178
227	124	0.7232
227	188	1
227	210	0.631
227	227	1
227	236	0.6603
228	6	0.8945
228	14	0.8786
228	15	0.6788
228	17	0.7477
228	58	0.6612
228	102	0.7872
228	120	0.6788
228	154	0.6771
228	176	0.6652
228	215	0.7961
228	228	1
228	229	0.5624
228	242	0.7376
228	253	0.8439
228	281	0.8264
229	229	1
230	29	0.8705
230	31	0.7655
230	68	0.6645
230	77	0.7058
230	99	0.5795
230	109	0.6198
230	126	0.6481
230	132	0.6116
230	142	0.6645
230	156	0.6227
230	230	1
230	245	0.6264
230	246	0.6338
230	254	0.5657
230	290	0.6271
230	293	0.5398
230	310	0.7384
231	66	0.6413
231	70	0.7822
231	87	0.9792
231	90	0.6568
231	108	0.6436
231	115	0.6553
231	132	0.6065
231	159	0.6148
231	203	0.9778
231	231	1
231	277	0.6448
231	315	0.628
232	4	0.6412
232	5	0.6528
232	19	0.6418
232	59	0.6947
232	97	0.6947
232	141	0.7139
232	169	0.633
232	204	0.7795
232	232	1
232	241	0.6577
232	249	0.626
233	11	0.6559
233	41	0.6634
233	93	0.5721
233	119	0.644
233	144	0.5691
233	162	0.6361
233	200	0.6638
233	233	1
233	240	0.6288
233	248	0.6765
233	270	0.6909
234	12	0.6539
234	13	0.79
234	26	0.5942
234	30	0.6027
234	56	0.7731
234	62	0.6602
234	90	0.645
234	92	0.6493
234	101	0.5823
234	105	0.6037
234	128	0.6789
234	153	0.6369
234	160	0.6427
234	171	0.6668
234	178	0.6307
234	216	0.801
234	222	0.6276
234	234	1
234	252	0.7312
234	272	0.6301
234	282	0.5942
234	284	0.6607
234	295	0.5989
235	20	0.6214
235	44	0.768
235	57	0.9058
235	60	0.7927
235	81	0.7949
235	109	0.6146
235	130	0.7668
235	132	0.6211
235	167	0.5042
235	168	0.7716
235	193	0.7398
235	235	1
236	55	0.5512
236	124	0.7987
236	167	0.5053
236	188	0.6603
236	219	0.5662
236	227	0.6603
236	236	1
236	262	0.7198
236	274	0.5941
237	1	0.5941
237	55	0.5707
237	59	0.6535
237	97	0.6535
237	154	0.6623
237	167	0.5024
237	204	0.6883
237	219	0.5778
237	237	1
237	274	0.6058
238	9	0.5755
238	223	0.5758
238	238	1
239	18	0.7307
239	55	0.5541
239	138	0.8353
239	156	0.6366
239	174	0.6113
239	196	0.6074
239	214	0.6071
239	219	0.5521
239	224	0.6464
239	239	1
239	263	0.6498
240	93	0.574
240	109	0.6975
240	111	0.617
240	197	0.6316
240	200	0.6443
240	202	0.612
240	240	1
240	248	0.6213
240	293	0.5622
240	310	0.6244
241	59	0.6721
241	97	0.6721
241	141	0.6706
241	169	0.648
241	204	0.6567
241	232	0.6577
241	241	1
241	303	0.5996
242	6	0.7506
242	15	0.6863
242	58	0.6597
242	120	0.6863
242	154	0.6758
242	228	0.7376
242	237	0.6438
242	242	1
242	253	0.7786
242	255	0.734
242	281	0.7786
243	27	0.6325
243	63	0.6136
243	71	0.6803
243	137	0.6751
243	174	0.5841
243	221	0.6825
243	225	0.6283
243	243	1
243	258	0.6594
243	259	0.6744
243	267	0.7174
243	276	0.6805
243	278	0.6905
243	289	0.6513
243	305	0.6676
244	9	0.5884
244	73	0.6157
244	93	0.5485
244	103	0.6554
244	164	0.5994
244	185	0.6489
244	208	0.6276
244	244	1
244	303	0.6063
245	29	0.6158
245	77	0.6405
245	126	0.632
245	230	0.6264
245	245	1
245	293	0.5364
246	29	0.6159
246	31	0.6505
246	66	0.7859
246	68	0.6476
246	77	0.6157
246	99	0.5974
246	126	0.645
246	130	0.6252
246	142	0.6476
246	193	0.6219
246	230	0.6338
246	246	1
246	256	0.625
246	269	0.8058
246	290	0.6368
246	310	0.6135
246	314	0.8265
247	5	0.6653
247	28	0.6597
247	40	0.693
247	46	0.7339
247	49	0.7339
247	59	0.6418
247	79	0.7712
247	80	0.7192
247	97	0.6418
247	100	0.6641
247	125	0.6954
247	137	0.66
247	139	0.6992
247	141	0.6431
247	158	0.6341
247	162	0.6281
247	163	0.6901
247	170	0.7176
247	204	0.6713
247	232	0.6498
247	246	0.6482
247	247	1
247	274	0.5931
247	280	0.6512
247	314	0.6624
248	28	0.6481
248	37	0.6257
248	63	0.6801
248	93	0.5642
248	144	0.5764
248	146	0.6476
248	200	0.6351
248	213	0.5737
248	233	0.6765
248	240	0.6213
248	248	1
249	3	0.6118
249	35	0.6385
249	61	0.6198
249	88	0.6385
249	108	0.655
249	122	0.6398
249	217	0.7291
249	249	1
249	288	0.6142
249	303	0.6458
249	305	0.6376
249	307	0.5821
249	309	0.6183
250	72	0.6701
250	152	0.667
250	181	0.6395
250	250	1
250	307	0.5857
251	91	0.737
251	99	0.5956
251	134	0.6226
251	212	0.6371
251	220	0.6444
251	251	1
251	254	0.6065
252	12	0.6816
252	13	0.7661
252	20	0.575
252	56	0.8849
252	128	0.8623
252	153	0.6509
252	166	0.555
252	171	0.758
252	212	0.645
252	216	0.737
252	220	0.6255
252	222	0.685
252	234	0.7312
252	252	1
253	6	0.8262
253	14	0.8065
253	15	0.7131
253	17	0.8321
253	58	0.6923
253	102	0.7417
253	120	0.7131
253	154	0.6742
253	176	0.6598
253	180	0.6537
253	215	0.7963
253	228	0.8439
253	229	0.5596
253	237	0.6674
253	241	0.6599
253	242	0.7786
253	253	1
253	255	0.7813
253	281	0.864
254	99	0.7106
254	187	0.581
254	251	0.6065
254	254	1
255	14	0.7475
255	15	0.7359
255	17	0.7599
255	21	0.7723
255	43	0.7633
255	47	0.691
255	51	0.7511
255	58	0.7436
255	102	0.7086
255	120	0.7359
255	145	0.7677
255	151	0.7092
255	189	0.6765
255	205	0.6375
255	210	0.6093
255	215	0.7728
255	228	0.6932
255	237	0.6724
255	241	0.6872
255	242	0.734
255	253	0.7813
255	255	1
255	279	0.641
255	281	0.7283
255	312	0.6871
256	44	0.6347
256	57	0.6128
256	130	0.6324
256	161	0.644
256	171	0.618
256	193	0.6393
256	256	1
256	269	0.6315
256	310	0.6141
257	1	0.5953
257	38	0.5616
257	78	0.5652
257	101	0.5874
257	175	0.5804
257	257	1
257	297	0.7784
258	35	0.681
258	61	0.6897
258	88	0.681
258	129	0.6511
258	181	0.6364
258	190	0.6941
258	243	0.6594
258	258	1
258	259	0.6765
258	263	0.6168
258	288	0.6254
258	309	0.6204
259	53	0.6185
259	72	0.6355
259	89	0.6185
259	101	0.5788
259	108	0.6313
259	133	0.6814
259	143	0.6321
259	173	0.6742
259	186	0.6648
259	211	0.6811
259	221	0.6891
259	243	0.6744
259	249	0.6378
259	258	0.6765
259	259	1
259	302	0.6728
259	305	0.7016
260	3	0.614
260	7	0.6878
260	52	0.6577
260	65	0.645
260	75	0.6447
260	86	0.643
260	138	0.6093
260	148	0.6493
260	155	0.6423
260	158	0.6716
260	162	0.652
260	179	0.5961
260	187	0.5881
260	214	0.6181
260	218	0.6362
260	239	0.6056
260	260	1
260	304	0.775
260	307	0.5854
261	37	0.8887
261	67	0.8059
261	76	0.6592
261	93	0.5369
261	104	0.8524
261	119	0.6599
261	144	0.5947
261	159	0.6128
261	202	0.6506
261	240	0.614
261	248	0.6224
261	261	1
261	291	0.6239
261	293	0.5357
262	124	0.6478
262	188	0.5516
262	227	0.5516
262	236	0.7198
262	262	1
263	19	0.6879
263	35	0.6133
263	55	0.5441
263	61	0.617
263	88	0.6133
263	138	0.7232
263	146	0.6942
263	190	0.6232
263	194	0.6395
263	213	0.576
263	239	0.6498
263	263	1
263	264	0.6334
264	23	0.6062
264	86	0.6319
264	94	0.7877
264	155	0.6226
264	213	0.5855
264	224	0.7488
264	226	0.6352
264	263	0.6334
264	264	1
264	285	0.6345
264	291	0.6278
264	313	0.7466
265	26	0.5865
265	34	0.7285
265	37	0.6443
265	41	0.6691
265	53	0.6201
265	67	0.6541
265	70	0.6645
265	72	0.6499
265	89	0.6201
265	92	0.6573
265	95	0.7669
265	103	0.6933
265	104	0.6516
265	105	0.566
265	112	0.7393
265	113	0.6426
265	115	0.6553
265	116	0.6917
265	119	0.6518
265	127	0.6378
265	133	0.6952
265	135	0.7062
265	136	0.6482
265	143	0.6374
265	147	0.6843
265	149	0.7453
265	152	0.6835
265	160	0.6456
265	164	0.6147
265	173	0.6984
265	175	0.5796
265	176	0.6642
265	178	0.626
265	180	0.6571
265	185	0.696
265	191	0.575
265	192	0.5937
265	208	0.6145
265	209	0.6143
265	211	0.699
265	217	0.6892
265	233	0.649
265	234	0.6511
265	238	0.5899
265	244	0.6669
265	248	0.6187
265	250	0.6392
265	257	0.6625
265	261	0.6534
265	265	1
265	268	0.7042
265	270	0.6764
265	272	0.6483
265	275	0.7292
265	282	0.5865
265	283	0.6909
265	284	0.7022
265	292	0.5861
265	297	0.6738
265	300	0.8477
265	302	0.7009
265	303	0.595
265	308	0.6686
266	266	1
267	8	0.7135
267	24	0.7267
267	27	0.6226
267	48	0.645
267	69	0.6693
267	71	0.6828
267	84	0.7415
267	96	0.6933
267	107	0.6781
267	110	0.6876
267	121	0.6895
267	137	0.6835
267	177	0.7829
267	200	0.6545
267	225	0.6399
267	243	0.7174
267	266	0.5522
267	267	1
267	271	0.7468
267	273	0.6478
267	276	0.7681
267	278	0.8035
267	289	0.6635
267	294	0.6679
267	299	0.8573
267	305	0.6658
267	306	0.6993
268	34	0.6806
268	38	0.5634
268	72	0.6313
268	83	0.7227
268	84	0.6661
268	95	0.7263
268	108	0.6331
268	112	0.7219
268	116	0.6804
268	133	0.697
268	135	0.9802
268	136	0.6439
268	143	0.6392
268	152	0.6842
268	173	0.9148
268	186	0.6747
268	211	0.7
268	217	0.6682
268	221	0.6316
268	243	0.6614
268	250	0.6413
268	257	0.6481
268	259	0.6658
268	265	0.7042
268	268	1
268	276	0.701
268	278	0.6863
268	283	0.6541
268	292	0.5856
268	297	0.6455
268	302	0.7103
268	305	0.6452
269	31	0.6455
269	42	0.6179
269	44	0.6104
269	57	0.6096
269	60	0.6425
269	66	0.7141
269	77	0.6134
269	99	0.631
269	109	0.6291
269	123	0.628
269	126	0.6362
269	130	0.6362
269	193	0.6281
269	197	0.59
269	230	0.6264
269	246	0.8058
269	254	0.5824
269	256	0.6315
269	269	1
269	290	0.6338
269	296	0.6465
269	310	0.6303
269	314	0.6853
270	34	0.7372
270	41	0.729
270	93	0.538
270	103	0.7291
270	147	0.6415
270	185	0.65
270	233	0.6909
270	270	1
270	275	0.6915
270	284	0.6749
270	300	0.7085
270	308	0.6379
271	45	0.5835
271	54	0.6324
271	77	0.6343
271	84	0.763
271	107	0.6727
271	110	0.6567
271	126	0.6296
271	177	0.7137
271	182	0.6518
271	186	0.6729
271	197	0.602
271	240	0.6205
271	245	0.5997
271	267	0.7468
271	271	1
271	273	0.6455
271	276	0.6784
271	277	0.6425
271	278	0.7103
271	294	0.7749
271	299	0.7025
271	310	0.6127
272	10	0.6098
272	45	0.5795
272	62	0.6518
272	90	0.66
272	166	0.5518
272	178	0.74
272	272	1
272	297	0.65
273	50	0.7455
273	53	0.6385
273	54	0.7966
273	76	0.6006
273	89	0.6385
273	107	0.7045
273	111	0.6084
273	186	0.6805
273	197	0.6033
273	216	0.6694
273	224	0.6399
273	226	0.6856
273	273	1
273	285	0.706
273	291	0.6325
274	1	0.6128
274	32	0.5966
274	33	0.5785
274	76	0.6079
274	82	0.6018
274	100	0.6561
274	139	0.6735
274	167	0.5171
274	219	0.5487
274	236	0.5941
274	262	0.5848
274	274	1
275	16	0.5881
275	34	0.8585
275	37	0.6457
275	38	0.5614
275	41	0.66
275	45	0.578
275	53	0.6167
275	67	0.6297
275	70	0.6697
275	72	0.6439
275	73	0.6202
275	89	0.6167
275	90	0.6542
275	92	0.6445
275	95	0.7749
275	103	0.8002
275	104	0.6474
275	112	0.7496
275	113	0.649
275	115	0.6468
275	116	0.717
275	119	0.6411
275	123	0.6196
275	127	0.6494
275	133	0.6761
275	143	0.6688
275	147	0.6562
275	149	0.7589
275	152	0.6819
275	160	0.6288
275	164	0.6096
275	176	0.6603
275	178	0.6319
275	180	0.6621
275	185	0.6529
275	192	0.6009
275	208	0.6174
275	209	0.6104
275	211	0.6817
275	217	0.6619
275	244	0.6566
275	257	0.6456
275	261	0.6521
275	265	0.7292
275	270	0.6915
275	272	0.6513
275	275	1
275	283	0.6679
275	284	0.6888
275	292	0.5927
275	295	0.5945
275	297	0.6708
275	300	0.6937
275	302	0.6945
275	303	0.602
275	308	0.6435
276	8	0.7057
276	11	0.6476
276	24	0.714
276	45	0.5804
276	71	0.6782
276	84	0.7195
276	96	0.6619
276	98	0.6258
276	110	0.6743
276	135	0.7089
276	137	0.6817
276	140	0.6651
276	173	0.7395
276	177	0.7377
276	186	0.6604
276	198	0.6371
276	200	0.6384
276	243	0.6805
276	266	0.5585
276	267	0.7681
276	268	0.701
276	271	0.6784
276	276	1
276	278	0.8682
276	289	0.6497
276	298	0.6737
276	299	0.8331
276	306	0.6667
276	311	0.6467
277	29	0.6236
277	87	0.6438
277	126	0.6266
277	127	0.6542
277	132	0.6223
277	159	0.6326
277	203	0.6419
277	231	0.6448
277	277	1
277	315	0.7117
278	11	0.6459
278	24	0.684
278	45	0.5776
278	71	0.6679
278	84	0.7292
278	96	0.6507
278	107	0.6577
278	110	0.6664
278	122	0.6365
278	135	0.6935
278	137	0.6647
278	173	0.7108
278	177	0.7232
278	186	0.6766
278	221	0.6502
278	243	0.6905
278	250	0.6515
278	258	0.6269
278	266	0.5597
278	267	0.8035
278	268	0.6863
278	271	0.7103
278	273	0.6684
278	276	0.8682
278	278	1
278	289	0.6633
278	294	0.6427
278	298	0.654
278	299	0.8127
278	305	0.6581
278	306	0.6614
279	1	0.6119
279	16	0.5807
279	76	0.6105
279	124	0.5541
279	236	0.5913
279	262	0.5802
279	274	0.5939
279	279	1
280	4	0.6052
280	7	0.6552
280	19	0.6384
280	46	0.7543
280	49	0.7543
280	79	0.76
280	80	0.7373
280	106	0.6745
280	146	0.5974
280	163	0.6968
280	170	0.7647
280	172	0.6727
280	218	0.6136
280	280	1
280	304	0.6503
281	6	0.9057
281	14	0.7442
281	15	0.6954
281	17	0.7577
281	58	0.661
281	102	0.709
281	120	0.6954
281	154	0.6789
281	176	0.6654
281	180	0.6537
281	215	0.7549
281	228	0.8264
281	229	0.5645
281	242	0.7786
281	253	0.864
281	255	0.7283
281	281	1
282	26	1
282	30	0.5873
282	78	0.5746
282	105	0.5891
282	160	0.8126
282	223	0.6294
282	282	1
283	113	0.6318
283	115	0.6808
283	133	0.6739
283	149	0.6995
283	152	0.6794
283	154	0.6383
283	164	0.6043
283	176	0.7325
283	180	0.6918
283	192	0.5871
283	211	0.6736
283	283	1
284	5	0.6755
284	34	0.7169
284	41	0.6816
284	54	0.6342
284	67	0.6249
284	76	0.6138
284	92	0.6568
284	103	0.6686
284	111	0.627
284	116	0.6873
284	139	0.666
284	208	0.6099
284	226	0.6623
284	234	0.6607
284	261	0.6331
284	265	0.7022
284	270	0.6749
284	273	0.6562
284	275	0.6888
284	284	1
284	300	0.7388
284	308	0.6446
285	10	0.6046
285	18	0.6094
285	50	0.7206
285	53	0.69
285	54	0.7473
285	67	0.6291
285	89	0.69
285	94	0.6252
285	107	0.7578
285	111	0.6242
285	197	0.5932
285	216	0.6826
285	224	0.7632
285	226	0.6625
285	264	0.6345
285	273	0.706
285	285	1
285	301	0.6663
285	313	0.6255
286	6	0.7432
286	14	0.8038
286	21	0.8009
286	36	0.9917
286	43	0.7323
286	64	1
286	102	0.7296
286	114	0.9918
286	117	0.8143
286	131	0.8901
286	145	0.8089
286	150	0.783
286	184	0.8793
286	199	0.8918
286	207	0.754
286	215	0.7918
286	228	0.7329
286	229	0.5669
286	253	0.7158
286	279	0.6336
286	281	0.7158
286	286	1
287	7	0.768
287	22	0.6519
287	25	0.5491
287	27	0.7164
287	52	0.6863
287	69	0.7061
287	98	0.6435
287	122	0.6978
287	140	0.705
287	148	0.6771
287	155	0.6325
287	157	0.6494
287	158	0.6351
287	165	0.6478
287	172	0.7216
287	183	0.6451
287	187	0.5962
287	198	0.627
287	201	1
287	206	0.7875
287	287	1
287	298	0.654
287	311	0.6874
288	20	0.5645
288	23	0.5982
288	35	0.66
288	61	0.6439
288	88	0.66
288	190	0.6517
288	288	1
288	309	0.9513
289	48	0.7439
289	74	0.6262
289	98	0.6319
289	118	0.6507
289	121	0.6841
289	157	0.6352
289	174	0.5831
289	197	0.5892
289	225	0.6302
289	289	1
290	44	0.6227
290	57	0.6247
290	60	0.6738
290	68	0.8944
290	81	0.625
290	99	0.5798
290	109	0.6151
290	142	0.8944
290	156	0.6138
290	196	0.6368
290	230	0.6271
290	246	0.6368
290	254	0.5775
290	269	0.6338
290	290	1
291	29	0.6259
291	31	0.6493
291	54	0.6364
291	132	0.6103
291	159	0.6147
291	224	0.6453
291	226	0.6293
291	264	0.6278
291	291	1
291	313	0.6136
291	315	0.6804
292	38	0.6163
292	192	0.9703
292	292	1
293	25	0.5579
293	93	0.5483
293	293	1
294	8	0.7046
294	24	0.7232
294	29	0.6214
294	45	0.5836
294	74	0.6105
294	84	0.6952
294	96	0.7674
294	110	0.7107
294	118	0.6249
294	177	0.6992
294	197	0.6109
294	200	0.6756
294	230	0.6347
294	245	0.5998
294	271	0.7749
294	294	1
294	306	0.7232
294	310	0.6215
295	9	0.573
295	295	1
296	26	0.5985
296	42	0.6055
296	50	0.7045
296	56	0.6188
296	62	0.6572
296	66	0.6436
296	85	0.8963
296	91	0.6555
296	92	0.6404
296	99	0.5881
296	113	0.6316
296	123	0.6166
296	126	0.6378
296	128	0.5951
296	134	0.7484
296	153	0.6379
296	161	0.7184
296	182	0.6721
296	196	0.6016
296	212	0.6524
296	220	0.6573
296	251	0.6135
296	252	0.6008
296	256	0.6132
296	269	0.6465
296	282	0.5985
296	290	0.6252
296	291	0.6257
296	296	1
296	315	0.6236
297	38	0.5747
297	42	0.6022
297	78	0.5639
297	95	0.7086
297	101	0.5865
297	112	0.7049
297	116	0.6729
297	143	0.6358
297	149	0.7035
297	160	0.6257
297	164	0.6008
297	166	0.557
297	178	0.6406
297	191	0.5823
297	209	0.6121
297	244	0.6307
297	257	0.7784
297	272	0.65
297	297	1
298	4	0.6038
298	27	0.6256
298	63	0.6193
298	69	0.6465
298	83	0.7478
298	122	0.7825
298	125	0.6904
298	140	0.6654
298	194	0.6621
298	198	0.7594
298	201	0.654
298	287	0.654
298	298	1
298	311	0.8608
299	4	0.6027
299	8	0.7548
299	24	0.778
299	48	0.6884
299	69	0.652
299	71	0.7232
299	74	0.6036
299	84	0.7303
299	96	0.7383
299	110	0.7232
299	129	0.6503
299	137	0.6939
299	140	0.6531
299	177	0.848
299	200	0.6722
299	243	0.6582
299	266	0.558
299	267	0.8573
299	271	0.7025
299	276	0.8331
299	278	0.8127
299	289	0.6645
299	294	0.679
299	299	1
299	306	0.7367
300	30	0.5891
300	34	0.715
300	41	0.7015
300	67	0.6268
300	92	0.6573
300	95	0.7039
300	103	0.6841
300	105	0.571
300	111	0.6114
300	116	0.6708
300	119	0.6439
300	136	0.6356
300	147	0.6928
300	149	0.68
300	160	0.6307
300	164	0.5915
300	175	0.576
300	185	0.7039
300	208	0.6075
300	209	0.6037
300	233	0.6617
300	234	0.661
300	238	0.5971
300	244	0.6478
300	257	0.6457
300	261	0.632
300	265	0.8477
300	270	0.7085
300	275	0.6937
300	284	0.7388
300	300	1
300	303	0.595
300	308	0.6888
300	315	0.6213
301	10	0.6409
301	11	0.6663
301	27	0.6304
301	50	0.6519
301	54	0.6619
301	65	0.6329
301	75	0.6208
301	86	0.6553
301	106	0.6641
301	107	0.6646
301	111	0.6132
301	118	0.6627
301	121	0.6858
301	125	0.6563
301	136	0.6392
301	162	0.6778
301	179	0.5862
301	181	0.6373
301	186	0.6833
301	195	0.6213
301	216	0.6933
301	224	0.642
301	225	0.7537
301	233	0.6547
301	260	0.6558
301	273	0.655
301	285	0.6663
301	301	1
301	304	0.6453
301	307	0.5911
302	16	0.5797
302	34	0.6778
302	38	0.5677
302	72	0.6421
302	73	0.6238
302	90	0.6417
302	91	0.6286
302	92	0.6426
302	95	0.7349
302	103	0.6616
302	108	0.6702
302	112	0.7305
302	116	0.6712
302	133	0.6801
302	135	0.7041
302	143	0.6591
302	149	0.7183
302	152	0.6799
302	164	0.6016
302	169	0.6407
302	173	0.7022
302	192	0.5894
302	211	0.6851
302	217	0.6671
302	221	0.6402
302	257	0.6418
302	259	0.6728
302	265	0.7009
302	268	0.7103
302	272	0.6367
302	275	0.6945
302	292	0.5837
302	297	0.6612
302	302	1
302	303	0.5963
302	305	0.6505
303	249	0.6458
303	303	1
304	7	0.6475
304	23	0.5934
304	25	0.5404
304	40	0.6596
304	52	0.6613
304	65	0.7009
304	75	0.7431
304	138	0.632
304	146	0.6028
304	155	0.6351
304	158	0.6368
304	162	0.6327
304	187	0.584
304	196	0.6036
304	218	0.6351
304	239	0.6229
304	260	0.775
304	280	0.6503
304	304	1
305	169	0.6335
305	221	0.6528
305	243	0.6676
305	249	0.6376
305	259	0.7016
305	305	1
306	8	0.7232
306	24	0.7503
306	45	0.5853
306	48	0.6762
306	74	0.6758
306	96	0.8206
306	110	0.726
306	118	0.6601
306	177	0.7708
306	200	0.7006
306	225	0.6247
306	266	0.5509
306	267	0.6993
306	271	0.6488
306	294	0.7232
306	299	0.7367
306	306	1
307	10	0.6082
307	179	0.8604
307	213	0.5687
307	214	0.6216
307	307	1
308	41	0.6494
308	147	0.6598
308	185	0.7123
308	208	0.6045
308	238	0.6068
308	270	0.6379
308	300	0.6888
308	308	1
309	23	0.5897
309	35	0.6447
309	60	0.6233
309	61	0.6455
309	88	0.6447
309	168	0.6204
309	190	0.6389
309	288	0.9513
309	309	1
310	29	0.6865
310	31	0.7388
310	77	0.6602
310	109	0.6478
310	124	0.5746
310	130	0.6214
310	188	0.5242
310	197	0.6029
310	227	0.5242
310	230	0.7384
310	236	0.5848
310	240	0.6244
310	245	0.5969
310	254	0.5614
310	256	0.6141
310	269	0.6303
310	310	1
311	3	0.6046
311	4	0.6102
311	22	0.6415
311	46	0.6794
311	49	0.6794
311	69	0.6516
311	80	0.6841
311	83	0.7102
311	122	0.8679
311	165	0.6297
311	183	0.628
311	194	0.7101
311	198	0.8127
311	201	0.6874
311	206	0.6498
311	287	0.6874
311	298	0.8608
311	311	1
312	2	0.7034
312	15	0.6768
312	39	0.8559
312	47	0.7957
312	120	0.6768
312	150	0.7155
312	169	0.6693
312	205	0.6766
312	312	1
313	23	0.5951
313	35	0.631
313	61	0.6288
313	88	0.631
313	94	0.9333
313	190	0.6347
313	213	0.5773
313	224	0.6596
313	226	0.616
313	264	0.7466
313	285	0.6255
313	288	0.6063
313	309	0.6076
313	313	1
314	31	0.6482
314	44	0.6116
314	66	0.7293
314	68	0.6315
314	99	0.5882
314	109	0.6135
314	123	0.6216
314	126	0.6533
314	130	0.6296
314	132	0.6044
314	142	0.6315
314	193	0.6243
314	246	0.8265
314	256	0.6202
314	269	0.6853
314	290	0.6228
314	314	1
315	10	0.6149
315	29	0.625
315	94	0.6098
315	127	0.65
315	159	0.6073
315	195	0.6161
315	245	0.6062
315	264	0.614
315	277	0.7117
315	291	0.6804
315	313	0.6127
315	315	1
