1	1	1
1	70	0.501
1	297	0.501
2	2	1
2	115	0.5456
2	183	0.596
2	205	0.6538
2	256	0.596
3	3	1
3	16	0.5456
3	33	0.596
3	65	0.5456
3	82	0.596
3	90	0.596
3	210	0.596
3	217	0.5456
3	221	0.596
3	239	0.596
4	4	1
4	54	0.5456
4	80	0.596
4	232	0.5456
4	308	0.596
5	5	1
5	7	0.596
5	9	0.596
5	73	0.596
5	100	1
5	139	0.798
5	274	0.7203
5	284	0.5456
6	6	1
6	14	0.798
6	17	0.798
6	102	0.7203
6	150	0.7203
6	215	0.7203
6	228	1
6	253	0.798
6	281	0.8898
7	5	0.596
7	7	1
7	27	0.596
7	52	0.596
7	93	0.596
7	100	0.596
7	127	0.5456
7	171	0.5456
7	186	0.5456
7	201	0.596
7	216	0.596
7	287	0.596
8	8	1
8	24	0.8898
8	45	0.6538
8	96	0.7203
8	110	0.7203
8	200	0.7203
8	278	0.7203
8	294	0.6538
8	299	0.6538
8	306	0.7203
9	5	0.596
9	9	1
9	16	0.596
9	73	0.7203
9	100	0.596
9	113	0.5456
9	119	0.5456
9	139	0.596
10	10	1
10	22	0.596
10	67	0.5456
10	136	0.5456
10	179	0.5456
10	183	0.596
10	187	0.596
10	214	0.5456
10	307	0.596
11	11	1
11	125	0.596
11	195	0.6538
11	265	0.5456
11	275	0.5456
11	300	0.5456
12	12	1
12	78	0.5456
12	139	0.596
12	153	0.596
12	208	0.596
13	13	1
13	50	0.596
13	56	0.7203
13	128	0.7203
13	161	0.6538
13	171	0.596
13	216	0.7203
13	234	0.596
13	252	0.7203
13	285	0.5456
14	6	0.798
14	14	1
14	17	0.798
14	36	0.7203
14	64	0.7203
14	102	0.798
14	114	0.7203
14	131	0.6538
14	150	0.798
14	207	0.7203
14	215	0.798
14	228	0.798
14	242	0.5456
14	253	0.798
14	281	0.798
14	286	0.7203
15	15	1
15	16	0.596
15	38	0.5456
15	120	1
15	237	0.5456
15	244	0.6538
16	9	0.596
16	15	0.596
16	16	1
16	70	0.501
16	73	0.596
16	79	0.596
16	112	0.596
16	120	0.596
16	139	0.5456
16	244	0.6538
17	6	0.798
17	14	0.798
17	17	1
17	102	0.798
17	150	0.8898
17	215	0.8898
17	228	0.798
17	242	0.5456
17	253	1
17	281	0.798
18	18	1
18	90	0.6538
18	138	0.596
18	147	0.6538
18	156	0.8898
18	157	0.596
18	174	0.596
18	196	0.8898
18	208	0.7203
18	221	0.596
18	239	0.6538
19	19	1
19	28	0.596
19	59	0.5456
19	80	0.596
19	97	0.5456
19	106	0.6538
19	132	0.596
19	146	0.596
19	263	0.6538
19	275	0.5456
20	20	1
20	44	0.596
20	57	0.596
20	60	0.5456
20	73	0.596
20	93	0.596
20	111	0.596
20	167	0.596
20	193	0.596
20	285	0.5456
21	21	1
21	36	0.798
21	47	0.596
21	51	0.7203
21	64	0.798
21	114	0.798
21	117	0.8898
21	131	0.798
21	145	0.8898
21	174	0.596
21	184	0.8898
21	199	0.8898
21	207	0.798
21	286	0.798
21	312	0.6538
22	10	0.596
22	22	1
22	66	0.596
22	94	0.596
22	129	0.596
22	181	0.596
22	183	0.7203
22	187	0.596
22	224	0.5456
22	313	0.596
23	23	1
23	30	0.596
23	118	0.5456
23	119	0.596
23	127	0.5456
23	136	0.5456
23	185	0.5456
23	256	0.596
24	8	0.8898
24	24	1
24	45	0.6538
24	96	0.798
24	110	0.7203
24	177	0.6538
24	200	0.798
24	278	0.7203
24	294	0.6538
24	299	0.7203
24	306	0.798
25	16	0.5456
25	25	1
25	70	0.501
25	123	0.596
25	127	0.5456
25	167	0.596
25	245	0.5456
25	293	0.596
25	308	0.596
26	26	1
26	160	0.596
26	282	1
27	7	0.596
27	27	1
27	118	0.5456
27	201	0.596
27	225	0.5456
27	243	0.596
27	250	0.596
27	287	0.596
28	19	0.596
28	28	1
28	34	0.596
28	41	0.5456
28	55	0.6538
28	76	0.596
28	103	0.596
28	162	0.596
28	195	0.596
28	219	0.6538
28	233	0.596
28	236	0.596
28	241	0.5456
28	262	0.6538
28	270	0.5456
28	300	0.5456
29	29	1
29	31	0.6538
29	159	0.5456
29	223	0.596
29	230	0.6538
29	236	0.596
29	277	0.5456
29	313	0.596
29	315	0.6538
30	23	0.596
30	30	1
30	119	0.5456
30	159	0.5456
30	164	0.596
30	188	0.596
30	227	0.596
30	311	0.5456
31	29	0.6538
31	31	1
31	172	0.596
31	236	0.596
31	247	0.5456
32	32	1
32	33	0.596
32	40	0.5456
32	82	0.6538
32	122	0.596
32	151	0.596
32	188	0.596
32	198	0.5456
32	210	0.8898
32	226	0.5456
32	227	0.596
32	301	0.5456
33	3	0.596
33	32	0.596
33	33	1
33	82	0.798
33	90	0.596
33	133	0.5456
33	156	0.596
33	174	0.596
33	196	0.596
33	197	0.596
33	210	0.596
33	211	0.5456
33	217	0.5456
33	221	0.596
33	239	0.6538
34	28	0.596
34	34	1
34	41	0.596
34	162	0.596
34	185	0.5456
34	265	0.5456
34	270	0.7203
34	300	0.596
35	35	1
35	61	0.7203
35	68	0.8898
35	78	0.5456
35	88	1
35	142	0.8898
35	190	0.7203
35	194	0.6538
35	258	0.596
35	290	0.8898
36	6	0.596
36	14	0.7203
36	17	0.6538
36	21	0.798
36	36	1
36	64	1
36	102	0.7203
36	114	1
36	117	0.798
36	131	0.798
36	145	0.798
36	184	0.8898
36	199	0.8898
36	215	0.7203
36	228	0.596
36	253	0.6538
36	281	0.596
36	286	1
37	37	1
37	67	0.6538
37	74	0.596
37	104	0.798
37	135	0.6538
37	143	0.596
37	144	0.596
37	232	0.5456
37	247	0.5456
37	259	0.596
37	261	0.8898
37	268	0.6538
37	289	0.6538
38	15	0.5456
38	38	1
38	120	0.5456
38	192	0.6538
38	217	0.5456
38	237	0.596
38	292	0.596
39	2	0.5456
39	32	0.596
39	39	1
39	47	0.798
39	51	0.6538
39	58	0.6538
39	72	0.501
39	169	0.596
39	181	0.5456
39	184	0.7203
39	189	0.5456
39	199	0.7203
39	205	0.6538
39	210	0.596
39	255	0.7203
39	312	0.8898
40	40	1
40	162	0.596
40	163	0.6538
41	34	0.596
41	41	1
41	162	0.596
41	186	0.5456
41	265	0.5456
41	270	0.596
41	300	0.5456
42	42	1
42	92	0.5456
42	223	0.596
42	224	0.5456
42	285	0.596
43	32	0.6538
43	40	0.5456
43	43	1
43	47	0.596
43	51	0.7203
43	117	0.7203
43	122	0.596
43	151	0.596
43	169	0.6538
43	184	0.7203
43	189	0.5456
43	198	0.5456
43	199	0.7203
43	210	0.6538
43	255	0.7203
43	298	0.5456
43	303	0.5456
44	20	0.596
44	44	1
44	57	0.8898
44	60	0.8898
44	81	0.798
44	130	0.8898
44	168	0.798
44	193	1
44	235	0.8898
44	288	0.7203
44	309	0.6538
45	8	0.6538
45	24	0.6538
45	45	1
45	96	0.6538
45	110	0.6538
45	178	0.596
45	267	0.6538
45	272	0.5456
45	276	0.6538
45	278	0.7203
45	294	0.6538
45	299	0.7203
45	306	0.7203
46	4	0.5456
46	46	1
46	49	1
46	80	0.798
46	139	0.5456
46	170	0.596
46	209	0.596
46	280	0.6538
46	292	0.596
47	2	0.5456
47	39	0.798
47	47	1
47	58	0.6538
47	152	0.5456
47	169	0.596
47	181	0.596
47	189	0.5456
47	205	0.6538
47	312	0.798
48	4	0.5456
48	34	0.5456
48	48	1
48	71	0.596
48	74	0.596
48	195	0.596
48	238	0.5456
48	247	0.596
48	270	0.5456
48	289	0.6538
49	4	0.5456
49	46	1
49	49	1
49	80	0.798
49	139	0.5456
49	170	0.596
49	209	0.596
49	280	0.6538
49	292	0.596
50	13	0.596
50	50	1
50	54	0.5456
50	161	0.6538
50	182	0.596
50	216	0.596
51	21	0.7203
51	43	0.7203
51	47	0.596
51	51	1
51	58	0.6538
51	117	0.7203
51	145	0.7203
51	169	0.596
51	207	0.798
51	279	0.596
51	312	0.6538
52	7	0.596
52	41	0.5456
52	52	1
52	147	0.596
52	157	0.596
53	35	0.596
53	44	0.596
53	53	1
53	57	0.596
53	60	0.596
53	61	0.596
53	68	0.596
53	81	0.596
53	88	0.596
53	89	1
53	130	0.596
53	142	0.596
53	168	0.596
53	190	0.596
53	193	0.596
53	285	0.5456
53	290	0.596
53	308	0.596
53	309	0.6538
54	4	0.5456
54	54	1
54	112	0.5456
54	250	0.5456
54	265	0.5456
54	273	0.596
55	9	0.596
55	16	0.5456
55	20	0.596
55	25	0.596
55	28	0.6538
55	34	0.5456
55	55	1
55	70	0.501
55	76	0.596
55	124	0.596
55	162	0.596
55	167	0.596
55	219	0.8898
55	230	0.596
55	236	0.6538
55	262	0.596
55	304	0.6538
56	7	0.596
56	12	0.596
56	13	0.7203
56	50	0.596
56	56	1
56	105	0.6538
56	128	0.8898
56	161	0.6538
56	171	0.798
56	212	0.6538
56	216	0.8898
56	234	0.798
56	252	1
56	256	0.596
56	285	0.5456
57	20	0.596
57	44	0.8898
57	57	1
57	60	0.798
57	81	0.798
57	130	0.798
57	168	0.798
57	193	0.8898
57	235	0.8898
57	288	0.7203
57	309	0.6538
58	1	0.5456
58	15	0.5456
58	47	0.6538
58	51	0.6538
58	58	1
58	120	0.5456
58	122	0.596
58	169	0.596
58	198	0.5456
58	205	0.596
58	224	0.5456
58	305	0.5456
58	312	0.6538
59	59	1
59	97	1
59	141	0.798
59	204	0.7203
59	232	0.596
60	44	0.8898
60	57	0.798
60	60	1
60	81	0.8898
60	130	0.798
60	168	0.8898
60	193	0.8898
60	235	0.798
60	309	0.6538
61	35	0.7203
61	61	1
61	68	0.7203
61	88	0.7203
61	142	0.7203
61	190	1
61	194	0.596
61	258	0.596
61	290	0.7203
62	62	1
62	85	0.7203
62	91	0.596
62	93	0.596
62	105	0.6538
62	134	0.596
62	153	0.7203
62	179	0.5456
62	212	0.7203
62	220	0.6538
62	296	0.798
62	311	0.5456
63	63	1
63	72	0.501
63	139	0.5456
63	144	0.596
63	149	0.596
63	274	0.596
64	6	0.596
64	14	0.7203
64	17	0.6538
64	21	0.798
64	36	1
64	64	1
64	102	0.7203
64	114	1
64	117	0.798
64	131	0.798
64	145	0.798
64	184	0.8898
64	199	0.8898
64	215	0.7203
64	228	0.596
64	253	0.6538
64	281	0.596
64	286	1
65	65	1
66	22	0.596
66	66	1
66	143	0.596
66	192	0.596
66	224	0.5456
66	246	0.6538
66	247	0.5456
66	292	0.6538
67	37	0.6538
67	67	1
67	104	0.6538
67	118	0.596
67	119	0.5456
67	181	0.5456
67	261	0.7203
67	301	0.596
68	35	0.8898
68	61	0.7203
68	68	1
68	88	0.8898
68	142	1
68	190	0.7203
68	194	0.6538
68	258	0.596
68	290	1
69	69	1
69	140	0.596
69	157	0.596
69	201	0.6538
69	243	0.596
69	287	0.6538
69	311	0.5456
70	70	1
70	257	0.5456
70	297	0.5456
71	48	0.596
71	71	1
71	74	0.6538
71	121	0.596
71	135	0.6538
71	137	0.7203
71	173	0.596
71	200	0.6538
71	243	0.596
71	268	0.6538
71	289	0.596
72	72	1
73	5	0.596
73	9	0.7203
73	16	0.596
73	20	0.596
73	73	1
73	87	0.596
73	95	0.5456
73	100	0.596
73	139	0.596
73	167	0.596
73	203	0.596
73	274	0.596
74	27	0.5456
74	37	0.596
74	48	0.596
74	67	0.5456
74	71	0.6538
74	74	1
74	121	0.596
74	129	0.596
74	135	0.596
74	137	0.6538
74	181	0.5456
74	250	0.5456
74	261	0.596
74	268	0.596
74	289	0.7203
75	59	0.5456
75	72	0.501
75	75	1
75	97	0.5456
75	204	0.596
75	245	0.5456
75	291	0.5456
75	292	0.596
75	310	0.596
76	28	0.596
76	76	1
76	236	0.596
76	237	0.5456
77	77	1
77	126	0.7203
77	202	0.596
77	214	0.5456
77	245	0.5456
78	78	1
78	101	0.596
78	191	0.5456
79	16	0.596
79	79	1
79	112	0.596
79	139	0.5456
79	217	0.5456
79	250	0.5456
80	4	0.596
80	19	0.596
80	46	0.798
80	49	0.798
80	80	1
80	163	0.596
80	165	0.596
80	247	0.5456
80	280	0.596
80	292	0.596
81	44	0.798
81	57	0.798
81	60	0.8898
81	81	1
81	130	0.7203
81	168	1
81	193	0.798
81	235	0.798
81	309	0.6538
82	3	0.596
82	32	0.6538
82	33	0.798
82	82	1
82	127	0.5456
82	133	0.5456
82	174	0.596
82	197	0.596
82	210	0.6538
82	211	0.5456
82	221	0.596
82	226	0.5456
82	239	0.596
83	31	0.5456
83	83	1
83	124	0.596
83	125	0.8898
83	159	0.5456
83	172	0.6538
83	236	0.596
83	277	0.5456
83	298	0.5456
83	311	0.5456
84	40	0.5456
84	59	0.5456
84	84	1
84	97	0.5456
84	179	0.5456
84	186	0.596
84	271	0.6538
85	62	0.7203
85	85	1
85	91	0.6538
85	105	0.6538
85	134	0.6538
85	153	0.6538
85	212	0.7203
85	220	0.6538
85	296	0.798
85	311	0.5456
86	86	1
86	158	0.596
86	186	0.5456
87	65	0.5456
87	70	0.5456
87	73	0.596
87	87	1
87	167	0.596
87	175	0.596
87	203	1
87	223	0.596
87	231	0.8898
87	250	0.5456
87	257	0.501
87	297	0.501
88	35	1
88	61	0.7203
88	68	0.8898
88	78	0.5456
88	88	1
88	142	0.8898
88	190	0.7203
88	194	0.6538
88	258	0.596
88	290	0.8898
89	35	0.596
89	44	0.596
89	53	1
89	57	0.596
89	60	0.596
89	61	0.596
89	68	0.596
89	81	0.596
89	88	0.596
89	89	1
89	130	0.596
89	142	0.596
89	168	0.596
89	190	0.596
89	193	0.596
89	285	0.5456
89	290	0.596
89	308	0.596
89	309	0.6538
90	3	0.596
90	18	0.6538
90	33	0.596
90	90	1
90	112	0.5456
90	147	0.596
90	156	0.596
90	174	0.596
90	196	0.6538
90	208	0.7203
90	221	0.596
90	239	0.6538
91	62	0.596
91	78	0.5456
91	85	0.6538
91	91	1
91	101	0.596
91	105	0.6538
91	134	0.596
91	153	0.596
91	175	0.596
91	212	0.7203
91	220	0.596
91	251	0.6538
92	92	1
92	113	0.5456
92	152	0.5456
92	224	0.596
92	266	0.5456
92	283	0.5456
93	7	0.596
93	20	0.596
93	27	0.5456
93	62	0.596
93	93	1
93	134	0.596
93	188	0.596
93	227	0.596
93	248	0.596
93	302	0.596
93	311	0.5456
94	22	0.596
94	94	1
94	123	0.596
94	124	0.596
94	148	0.6538
94	165	0.596
94	183	0.596
94	187	0.596
94	206	0.596
94	313	0.8898
95	95	1
95	152	0.5456
96	8	0.7203
96	24	0.798
96	45	0.6538
96	71	0.596
96	96	1
96	110	0.798
96	137	0.6538
96	177	0.6538
96	200	0.798
96	229	0.596
96	267	0.6538
96	271	0.596
96	278	0.6538
96	294	0.798
96	299	0.798
96	306	0.7203
97	59	1
97	97	1
97	141	0.798
97	204	0.7203
97	232	0.596
98	77	0.5456
98	98	1
98	156	0.596
98	157	0.7203
98	174	0.596
98	189	0.596
98	214	0.5456
99	99	1
99	254	0.6538
100	5	1
100	7	0.596
100	9	0.596
100	73	0.596
100	100	1
100	139	0.798
100	274	0.7203
100	284	0.5456
101	78	0.596
101	91	0.596
101	101	1
101	107	0.596
101	175	0.6538
101	191	0.596
101	261	0.596
101	314	0.596
102	1	0.596
102	6	0.7203
102	14	0.798
102	17	0.798
102	36	0.7203
102	64	0.7203
102	102	1
102	114	0.7203
102	131	0.7203
102	150	0.798
102	215	0.8898
102	228	0.7203
102	253	0.798
102	281	0.7203
102	286	0.7203
103	28	0.596
103	99	0.5456
103	103	1
103	160	0.5456
103	195	0.596
103	250	0.5456
103	270	0.5456
103	275	0.596
104	37	0.798
104	67	0.6538
104	104	1
104	119	0.5456
104	135	0.596
104	200	0.6538
104	261	0.798
104	268	0.596
104	289	0.596
104	310	0.596
105	7	0.596
105	9	0.596
105	13	0.596
105	50	0.596
105	56	0.6538
105	62	0.6538
105	85	0.6538
105	91	0.6538
105	93	0.596
105	101	0.596
105	105	1
105	128	0.6538
105	134	0.596
105	153	0.596
105	161	0.6538
105	171	0.5456
105	212	0.798
105	216	0.596
105	220	0.6538
105	251	0.596
105	252	0.6538
105	296	0.6538
106	19	0.6538
106	106	1
106	110	0.6538
106	160	0.5456
106	295	0.596
106	304	0.596
107	101	0.596
107	107	1
107	135	0.596
107	191	0.5456
107	268	0.596
107	295	0.596
108	108	1
108	113	0.5456
108	139	0.5456
108	249	0.596
108	274	0.596
108	297	0.501
109	109	1
109	240	0.6538
110	8	0.7203
110	24	0.7203
110	45	0.6538
110	96	0.798
110	106	0.6538
110	110	1
110	137	0.6538
110	177	0.6538
110	200	0.6538
110	229	0.596
110	267	0.6538
110	271	0.596
110	278	0.6538
110	294	0.7203
110	295	0.596
110	299	0.6538
110	306	0.7203
111	20	0.596
111	95	0.5456
111	111	1
111	112	0.5456
111	126	0.5456
111	213	0.596
111	225	0.5456
111	248	0.596
112	16	0.596
112	54	0.5456
112	70	0.501
112	79	0.596
112	112	1
112	217	0.596
112	249	0.596
113	92	0.5456
113	113	1
113	245	0.596
114	6	0.596
114	14	0.7203
114	17	0.6538
114	21	0.798
114	36	1
114	64	1
114	102	0.7203
114	114	1
114	117	0.798
114	131	0.798
114	145	0.798
114	184	0.8898
114	199	0.8898
114	215	0.7203
114	228	0.596
114	253	0.6538
114	281	0.596
114	286	1
115	2	0.5456
115	72	0.501
115	115	1
116	72	0.501
116	116	1
116	126	0.5456
116	135	0.6538
116	144	0.596
116	173	0.596
116	180	0.5456
116	209	0.596
116	213	0.596
116	268	0.6538
116	310	0.596
117	21	0.8898
117	32	0.596
117	36	0.798
117	43	0.7203
117	51	0.7203
117	64	0.798
117	114	0.798
117	117	1
117	131	0.7203
117	145	0.798
117	184	0.8898
117	199	0.8898
117	207	0.798
117	210	0.596
117	286	0.798
118	27	0.5456
118	67	0.596
118	118	1
118	119	0.5456
118	181	0.5456
118	225	0.6538
118	238	0.596
118	301	0.6538
119	23	0.596
119	67	0.5456
119	118	0.5456
119	119	1
119	183	0.596
119	301	0.5456
120	15	1
120	16	0.596
120	38	0.5456
120	120	1
120	237	0.5456
120	244	0.6538
121	26	0.5456
121	71	0.596
121	74	0.596
121	118	0.5456
121	121	1
121	129	0.596
121	181	0.5456
121	250	0.6538
121	282	0.5456
121	301	0.5456
122	32	0.596
122	40	0.5456
122	122	1
122	179	0.5456
122	198	0.798
122	277	0.5456
122	279	0.596
122	298	0.6538
122	311	0.798
123	16	0.5456
123	25	0.596
123	31	0.5456
123	94	0.596
123	123	1
123	187	0.596
123	194	0.596
123	260	0.596
123	275	0.5456
123	313	0.596
124	76	0.5456
124	83	0.596
124	94	0.596
124	124	1
124	148	0.6538
124	159	0.5456
124	194	0.596
124	223	0.596
124	236	0.6538
125	11	0.596
125	83	0.8898
125	125	1
125	172	0.596
125	248	0.596
125	298	0.5456
125	300	0.5456
125	301	0.5456
125	311	0.5456
126	77	0.7203
126	126	1
126	202	0.5456
126	245	0.5456
126	310	0.596
127	127	1
127	152	0.5456
127	202	0.5456
128	7	0.596
128	12	0.596
128	13	0.7203
128	50	0.596
128	56	0.8898
128	105	0.6538
128	128	1
128	161	0.6538
128	171	0.798
128	212	0.7203
128	216	0.798
128	234	0.798
128	252	0.8898
128	274	0.596
128	285	0.5456
129	22	0.596
129	74	0.596
129	115	0.5456
129	118	0.5456
129	121	0.596
129	129	1
129	152	0.5456
129	181	0.798
129	250	0.5456
129	301	0.5456
130	40	0.5456
130	44	0.8898
130	57	0.798
130	60	0.798
130	81	0.7203
130	130	1
130	168	0.7203
130	193	0.8898
130	195	0.596
130	235	0.798
131	15	0.5456
131	21	0.798
131	36	0.798
131	64	0.798
131	102	0.7203
131	114	0.798
131	117	0.7203
131	120	0.5456
131	131	1
131	145	0.798
131	184	0.798
131	199	0.798
131	205	0.596
131	286	0.798
132	19	0.596
132	132	1
133	133	1
133	211	1
134	62	0.596
134	85	0.6538
134	91	0.596
134	93	0.596
134	134	1
134	175	0.6538
134	220	0.596
134	296	0.6538
135	37	0.6538
135	71	0.6538
135	74	0.596
135	104	0.596
135	107	0.596
135	116	0.6538
135	135	1
135	173	0.798
135	261	0.6538
135	268	1
135	289	0.596
136	136	1
136	198	0.5456
137	8	0.596
137	24	0.596
137	27	0.5456
137	71	0.7203
137	74	0.6538
137	96	0.6538
137	106	0.596
137	110	0.6538
137	135	0.596
137	137	1
137	176	0.596
137	191	0.5456
137	200	0.6538
137	243	0.596
137	268	0.596
137	271	0.596
137	295	0.596
138	18	0.596
138	138	1
138	147	0.6538
138	156	0.596
138	189	0.5456
138	224	0.5456
138	239	0.7203
138	305	0.596
139	5	0.798
139	9	0.596
139	12	0.596
139	16	0.5456
139	73	0.596
139	100	0.798
139	139	1
139	274	0.6538
140	40	0.5456
140	69	0.596
140	140	1
140	160	0.5456
140	163	0.596
140	178	0.5456
140	243	0.596
140	271	0.596
140	272	0.596
140	273	0.5456
140	305	0.5456
141	59	0.798
141	70	0.501
141	97	0.798
141	141	1
141	204	0.6538
141	232	0.596
141	310	0.596
142	35	0.8898
142	61	0.7203
142	68	1
142	88	0.8898
142	142	1
142	190	0.7203
142	194	0.6538
142	258	0.596
142	290	1
143	4	0.5456
143	37	0.596
143	66	0.596
143	143	1
143	232	0.596
143	246	0.596
143	247	0.596
143	261	0.596
143	314	0.6538
144	37	0.596
144	63	0.596
144	113	0.5456
144	116	0.596
144	126	0.5456
144	144	1
144	209	0.6538
144	245	0.5456
144	310	0.596
145	21	0.8898
145	36	0.798
145	47	0.596
145	51	0.7203
145	64	0.798
145	114	0.798
145	117	0.798
145	131	0.798
145	145	1
145	184	0.8898
145	199	0.8898
145	207	0.7203
145	286	0.798
145	312	0.6538
146	19	0.596
146	27	0.5456
146	146	1
147	18	0.6538
147	41	0.5456
147	52	0.596
147	90	0.596
147	138	0.6538
147	147	1
147	156	0.596
147	160	0.5456
147	186	0.5456
147	196	0.596
147	208	0.6538
147	221	0.596
147	222	0.6538
147	239	0.7203
147	241	0.5456
147	283	0.5456
147	284	0.596
148	25	0.596
148	52	0.596
148	94	0.6538
148	123	0.596
148	124	0.6538
148	148	1
148	155	0.6538
148	159	0.5456
148	165	0.596
148	167	0.6538
148	230	0.596
148	236	0.596
148	260	0.596
148	262	0.596
148	313	0.596
149	63	0.596
149	92	0.5456
149	113	0.5456
149	149	1
149	179	0.5456
149	188	0.596
149	197	0.596
149	224	0.596
149	227	0.596
149	237	0.5456
149	283	0.6538
150	6	0.7203
150	14	0.798
150	17	0.8898
150	102	0.798
150	150	1
150	215	0.8898
150	228	0.7203
150	242	0.5456
150	253	0.8898
150	281	0.7203
151	32	0.596
151	151	1
151	169	0.596
151	188	0.6538
151	189	0.798
151	210	0.596
151	227	0.6538
151	237	0.5456
151	305	0.5456
152	92	0.5456
152	95	0.5456
152	127	0.5456
152	152	1
152	181	0.5456
153	12	0.596
153	62	0.7203
153	85	0.6538
153	91	0.596
153	153	1
153	212	0.7203
153	220	0.7203
153	295	0.596
153	296	0.6538
154	154	1
154	180	0.5456
154	242	0.596
154	257	0.596
154	295	0.596
154	297	0.5456
155	28	0.596
155	29	0.596
155	31	0.5456
155	94	0.596
155	109	0.5456
155	148	0.6538
155	155	1
155	158	0.596
155	162	0.596
155	195	0.596
155	206	0.596
155	230	0.596
155	236	0.596
155	260	0.6538
155	262	0.596
155	264	0.6538
156	18	0.8898
156	33	0.596
156	90	0.596
156	98	0.596
156	138	0.596
156	147	0.596
156	156	1
156	157	0.6538
156	174	0.6538
156	196	0.8898
156	208	0.6538
156	214	0.5456
156	239	0.596
157	18	0.596
157	52	0.596
157	69	0.596
157	77	0.5456
157	98	0.7203
157	156	0.6538
157	157	1
157	179	0.5456
157	196	0.596
157	214	0.596
158	34	0.5456
158	40	0.5456
158	65	0.5456
158	86	0.596
158	158	1
158	187	0.596
158	250	0.596
158	275	0.5456
159	159	1
159	172	0.596
159	291	0.5456
160	26	0.596
160	160	1
160	178	0.5456
160	282	0.596
161	13	0.6538
161	50	0.6538
161	56	0.6538
161	62	0.596
161	85	0.596
161	91	0.596
161	105	0.6538
161	128	0.6538
161	161	1
161	171	0.5456
161	186	0.5456
161	212	0.7203
161	216	0.596
161	251	0.596
161	252	0.6538
161	260	0.596
161	296	0.6538
162	28	0.596
162	34	0.596
162	40	0.596
162	41	0.596
162	76	0.5456
162	162	1
162	186	0.5456
162	265	0.5456
162	270	0.5456
162	300	0.596
163	40	0.6538
163	59	0.5456
163	80	0.596
163	97	0.5456
163	140	0.596
163	160	0.5456
163	163	1
163	178	0.596
163	272	0.596
164	30	0.596
164	78	0.5456
164	159	0.5456
164	164	1
164	192	0.596
164	302	0.596
165	80	0.596
165	94	0.596
165	165	1
165	189	0.596
165	206	0.596
165	247	0.5456
166	166	1
166	230	0.596
167	20	0.596
167	25	0.596
167	73	0.596
167	87	0.596
167	148	0.6538
167	167	1
167	203	0.596
167	247	0.5456
168	44	0.798
168	57	0.798
168	60	0.8898
168	81	1
168	130	0.7203
168	168	1
168	193	0.798
168	235	0.798
168	309	0.6538
169	47	0.596
169	72	0.501
169	151	0.596
169	169	1
169	189	0.596
169	198	0.5456
169	298	0.5456
169	303	0.596
169	305	0.5456
170	46	0.596
170	49	0.596
170	170	1
170	209	0.596
170	232	0.5456
170	247	0.5456
170	254	0.596
170	280	0.6538
171	13	0.596
171	56	0.798
171	128	0.798
171	171	1
171	216	0.798
171	234	0.798
171	252	0.798
171	256	0.6538
172	31	0.596
172	83	0.6538
172	125	0.596
172	159	0.596
172	172	1
172	195	0.596
173	71	0.596
173	116	0.596
173	135	0.798
173	173	1
173	268	0.798
174	18	0.596
174	33	0.596
174	82	0.596
174	90	0.596
174	98	0.596
174	112	0.5456
174	156	0.6538
174	174	1
174	196	0.596
174	208	0.6538
175	87	0.596
175	91	0.596
175	101	0.6538
175	134	0.6538
175	175	1
175	191	0.5456
175	203	0.596
175	231	0.596
175	285	0.5456
176	176	1
176	180	0.596
176	271	0.596
177	8	0.596
177	24	0.6538
177	45	0.596
177	48	0.596
177	84	0.596
177	96	0.6538
177	110	0.6538
177	177	1
177	186	0.5456
177	267	0.6538
177	271	0.7203
177	278	0.6538
177	294	0.6538
177	299	0.6538
177	306	0.7203
178	45	0.596
178	160	0.5456
178	163	0.596
178	178	1
178	272	0.798
178	278	0.596
179	179	1
179	198	0.5456
179	214	0.5456
179	237	0.5456
179	307	0.7203
180	154	0.5456
180	176	0.596
180	180	1
180	242	0.5456
181	22	0.596
181	47	0.596
181	67	0.5456
181	118	0.5456
181	129	0.798
181	152	0.5456
181	181	1
181	301	0.5456
182	50	0.596
182	182	1
182	295	0.6538
183	2	0.596
183	10	0.596
183	22	0.7203
183	94	0.596
183	119	0.596
183	181	0.5456
183	183	1
183	187	0.596
183	241	0.5456
183	313	0.596
184	21	0.8898
184	32	0.596
184	36	0.8898
184	39	0.7203
184	43	0.7203
184	47	0.596
184	51	0.6538
184	64	0.8898
184	114	0.8898
184	117	0.8898
184	131	0.798
184	145	0.8898
184	184	1
184	199	1
184	207	0.7203
184	210	0.596
184	255	0.7203
184	286	0.8898
184	312	0.6538
185	34	0.5456
185	185	1
185	226	0.5456
185	270	0.596
185	300	0.5456
186	41	0.5456
186	84	0.596
186	86	0.5456
186	186	1
186	265	0.5456
186	270	0.5456
186	283	0.5456
187	10	0.596
187	22	0.596
187	94	0.596
187	115	0.5456
187	123	0.596
187	158	0.596
187	183	0.596
187	187	1
187	206	0.596
187	214	0.5456
188	30	0.596
188	32	0.596
188	76	0.5456
188	86	0.5456
188	93	0.596
188	149	0.596
188	151	0.6538
188	188	1
188	189	0.5456
188	226	0.5456
188	227	1
188	237	0.596
188	248	0.596
188	302	0.596
188	311	0.5456
189	98	0.596
189	151	0.798
189	165	0.596
189	169	0.596
189	189	1
189	305	0.5456
190	35	0.7203
190	61	1
190	68	0.7203
190	88	0.7203
190	142	0.7203
190	190	1
190	194	0.596
190	258	0.596
190	290	0.7203
191	78	0.5456
191	101	0.596
191	191	1
191	314	0.596
192	38	0.6538
192	66	0.596
192	164	0.596
192	192	1
192	283	0.5456
192	292	0.798
193	20	0.596
193	44	1
193	57	0.8898
193	60	0.8898
193	81	0.798
193	130	0.8898
193	168	0.798
193	193	1
193	235	0.8898
193	288	0.7203
193	309	0.6538
194	35	0.6538
194	61	0.596
194	68	0.6538
194	88	0.6538
194	123	0.596
194	124	0.596
194	142	0.6538
194	190	0.596
194	194	1
194	263	0.6538
194	290	0.6538
194	313	0.596
195	11	0.6538
195	28	0.596
195	31	0.5456
195	48	0.596
195	99	0.5456
195	103	0.596
195	130	0.596
195	172	0.596
195	195	1
195	233	0.596
196	18	0.8898
196	33	0.596
196	90	0.6538
196	147	0.596
196	156	0.8898
196	157	0.596
196	174	0.596
196	196	1
196	208	0.6538
196	214	0.5456
196	221	0.596
196	239	0.596
197	33	0.596
197	82	0.596
197	92	0.5456
197	133	0.5456
197	149	0.596
197	197	1
197	211	0.5456
197	224	0.5456
197	229	0.596
197	283	0.5456
198	122	0.798
198	136	0.5456
198	179	0.5456
198	198	1
198	206	0.596
198	277	0.5456
198	298	0.7203
198	311	0.798
199	21	0.8898
199	32	0.596
199	36	0.8898
199	39	0.7203
199	43	0.7203
199	47	0.596
199	51	0.6538
199	64	0.8898
199	114	0.8898
199	117	0.8898
199	131	0.798
199	145	0.8898
199	184	1
199	199	1
199	207	0.7203
199	210	0.596
199	255	0.7203
199	286	0.8898
199	312	0.6538
200	8	0.7203
200	24	0.798
200	45	0.596
200	71	0.6538
200	96	0.798
200	104	0.6538
200	110	0.6538
200	135	0.596
200	137	0.6538
200	173	0.596
200	200	1
200	268	0.596
200	271	0.596
200	278	0.6538
200	294	0.7203
200	299	0.7203
200	306	0.7203
201	7	0.596
201	27	0.596
201	69	0.6538
201	127	0.5456
201	198	0.5456
201	201	1
201	218	0.596
201	225	0.5456
201	287	1
202	77	0.596
202	126	0.5456
202	127	0.5456
202	202	1
203	65	0.5456
203	70	0.5456
203	73	0.596
203	87	1
203	167	0.596
203	175	0.596
203	203	1
203	223	0.596
203	231	0.8898
203	250	0.5456
203	257	0.501
203	297	0.501
204	59	0.7203
204	65	0.5456
204	75	0.596
204	97	0.7203
204	141	0.6538
204	204	1
204	214	0.5456
205	2	0.6538
205	47	0.6538
205	65	0.5456
205	112	0.5456
205	189	0.5456
205	205	1
205	221	0.596
205	241	0.596
205	265	0.596
205	305	0.5456
205	312	0.6538
206	31	0.5456
206	86	0.5456
206	94	0.596
206	165	0.596
206	187	0.596
206	198	0.596
206	206	1
206	247	0.5456
206	291	0.5456
206	298	0.596
206	311	0.5456
207	6	0.596
207	14	0.7203
207	21	0.798
207	47	0.596
207	51	0.798
207	117	0.798
207	131	0.6538
207	145	0.7203
207	184	0.7203
207	199	0.7203
207	207	1
207	228	0.596
207	281	0.596
207	312	0.6538
208	12	0.596
208	18	0.7203
208	90	0.7203
208	112	0.5456
208	139	0.5456
208	147	0.6538
208	156	0.6538
208	174	0.6538
208	196	0.6538
208	208	1
208	239	0.596
208	284	0.596
209	46	0.596
209	49	0.596
209	116	0.596
209	144	0.6538
209	170	0.596
209	209	1
209	254	0.596
209	292	0.596
209	310	0.596
210	3	0.596
210	32	0.8898
210	33	0.596
210	40	0.5456
210	82	0.6538
210	151	0.596
210	210	1
211	133	1
211	211	1
212	13	0.596
212	50	0.596
212	56	0.6538
212	62	0.7203
212	85	0.7203
212	91	0.7203
212	101	0.596
212	105	0.798
212	128	0.7203
212	134	0.596
212	153	0.7203
212	161	0.7203
212	171	0.596
212	212	1
212	216	0.596
212	220	0.7203
212	234	0.596
212	251	0.596
212	252	0.6538
212	274	0.596
212	296	0.7203
213	2	0.5456
213	72	0.501
213	111	0.596
213	116	0.596
213	126	0.5456
213	181	0.5456
213	213	1
214	77	0.5456
214	157	0.596
214	179	0.5456
214	214	1
214	221	0.596
215	1	0.5456
215	6	0.7203
215	14	0.798
215	17	0.8898
215	36	0.7203
215	64	0.7203
215	102	0.8898
215	114	0.7203
215	131	0.6538
215	150	0.8898
215	215	1
215	228	0.7203
215	242	0.5456
215	253	0.8898
215	281	0.7203
215	286	0.7203
216	7	0.596
216	13	0.7203
216	50	0.596
216	56	0.8898
216	128	0.798
216	171	0.798
216	216	1
216	234	0.798
216	252	0.8898
216	256	0.596
217	38	0.5456
217	112	0.596
217	217	1
217	237	0.5456
217	249	0.6538
218	127	0.5456
218	201	0.596
218	214	0.5456
218	218	1
218	277	0.5456
218	287	0.596
218	301	0.5456
219	16	0.5456
219	28	0.6538
219	34	0.5456
219	55	0.8898
219	76	0.596
219	124	0.596
219	127	0.5456
219	162	0.596
219	219	1
219	230	0.596
219	236	0.6538
219	262	0.596
219	304	0.6538
220	27	0.5456
220	62	0.6538
220	85	0.6538
220	91	0.596
220	105	0.6538
220	134	0.596
220	153	0.7203
220	212	0.7203
220	220	1
220	295	0.596
221	3	0.596
221	18	0.596
221	33	0.596
221	82	0.596
221	90	0.596
221	112	0.5456
221	147	0.596
221	179	0.5456
221	196	0.596
221	205	0.596
221	214	0.596
221	221	1
221	224	0.5456
221	239	0.6538
221	241	0.5456
221	259	0.596
222	3	0.596
222	7	0.596
222	12	0.596
222	33	0.596
222	50	0.596
222	62	0.596
222	90	0.596
222	147	0.6538
222	179	0.5456
222	186	0.5456
222	208	0.596
222	217	0.5456
222	221	0.596
222	222	1
222	239	0.6538
222	241	0.5456
222	284	0.5456
223	29	0.596
223	31	0.5456
223	42	0.596
223	78	0.5456
223	87	0.596
223	124	0.596
223	159	0.5456
223	203	0.596
223	223	1
223	250	0.5456
223	251	0.596
224	92	0.596
224	149	0.596
224	224	1
224	226	0.6538
224	239	0.596
224	283	0.596
224	305	0.5456
225	27	0.5456
225	72	0.501
225	118	0.6538
225	225	1
225	301	0.7203
226	185	0.5456
226	224	0.6538
226	226	1
226	308	0.596
227	30	0.596
227	32	0.596
227	76	0.5456
227	86	0.5456
227	93	0.596
227	149	0.596
227	151	0.6538
227	188	1
227	189	0.5456
227	226	0.5456
227	227	1
227	237	0.596
227	248	0.596
227	302	0.596
227	311	0.5456
228	6	1
228	14	0.798
228	17	0.798
228	102	0.7203
228	150	0.7203
228	215	0.7203
228	228	1
228	253	0.798
228	281	0.8898
229	197	0.596
229	229	1
229	295	0.596
230	29	0.6538
230	31	0.5456
230	166	0.596
230	230	1
230	260	0.596
230	293	0.596
231	65	0.5456
231	70	0.5456
231	87	0.8898
231	175	0.596
231	203	0.8898
231	231	1
232	4	0.5456
232	59	0.596
232	97	0.596
232	141	0.596
232	143	0.596
232	232	1
233	28	0.596
233	99	0.5456
233	195	0.596
233	233	1
233	241	0.5456
233	265	0.596
233	270	0.5456
233	300	0.596
234	13	0.596
234	56	0.798
234	128	0.798
234	171	0.798
234	216	0.798
234	234	1
234	252	0.798
234	256	0.596
234	274	0.596
235	20	0.596
235	44	0.8898
235	57	0.8898
235	60	0.798
235	81	0.798
235	130	0.798
235	168	0.798
235	172	0.596
235	193	0.8898
235	235	1
235	288	0.7203
235	309	0.6538
236	28	0.596
236	29	0.596
236	31	0.596
236	55	0.6538
236	76	0.596
236	83	0.596
236	124	0.6538
236	159	0.5456
236	219	0.6538
236	236	1
236	251	0.596
236	262	0.6538
237	15	0.5456
237	38	0.596
237	76	0.5456
237	120	0.5456
237	179	0.5456
237	188	0.596
237	217	0.5456
237	227	0.596
237	237	1
237	245	0.5456
238	118	0.596
238	238	1
239	3	0.596
239	18	0.6538
239	33	0.6538
239	82	0.596
239	90	0.6538
239	133	0.5456
239	138	0.7203
239	147	0.7203
239	156	0.596
239	196	0.596
239	208	0.596
239	211	0.5456
239	221	0.6538
239	222	0.6538
239	224	0.596
239	226	0.5456
239	239	1
239	283	0.5456
239	284	0.5456
240	31	0.5456
240	70	0.501
240	95	0.5456
240	109	0.6538
240	240	1
240	277	0.5456
240	310	0.596
241	205	0.596
241	241	1
241	272	0.5456
241	305	0.5456
242	154	0.596
242	180	0.5456
242	242	1
243	27	0.596
243	69	0.596
243	71	0.596
243	72	0.501
243	140	0.596
243	189	0.5456
243	243	1
243	305	0.5456
244	15	0.6538
244	16	0.6538
244	112	0.5456
244	119	0.5456
244	120	0.6538
244	136	0.5456
244	244	1
245	77	0.5456
245	113	0.596
245	126	0.5456
245	237	0.5456
245	245	1
245	293	0.596
246	4	0.5456
246	54	0.5456
246	66	0.6538
246	143	0.596
246	191	0.5456
246	245	0.5456
246	246	1
246	269	0.596
246	292	0.596
246	314	0.7203
247	31	0.5456
247	48	0.596
247	143	0.596
247	247	1
248	93	0.596
248	95	0.5456
248	111	0.596
248	125	0.596
248	188	0.596
248	227	0.596
248	248	1
248	265	0.5456
248	300	0.5456
249	108	0.596
249	112	0.596
249	139	0.5456
249	217	0.6538
249	249	1
250	27	0.596
250	54	0.5456
250	121	0.6538
250	158	0.596
250	250	1
250	272	0.5456
251	91	0.6538
251	159	0.5456
251	223	0.596
251	236	0.596
251	251	1
251	260	0.596
252	7	0.596
252	12	0.596
252	13	0.7203
252	50	0.596
252	56	1
252	105	0.6538
252	128	0.8898
252	161	0.6538
252	171	0.798
252	212	0.6538
252	216	0.8898
252	234	0.798
252	252	1
252	256	0.596
252	285	0.5456
253	6	0.798
253	14	0.798
253	17	1
253	102	0.798
253	150	0.8898
253	215	0.8898
253	228	0.798
253	242	0.5456
253	253	1
253	281	0.798
254	99	0.6538
254	170	0.596
254	209	0.596
254	254	1
254	292	0.596
255	15	0.5456
255	32	0.596
255	39	0.7203
255	43	0.7203
255	47	0.596
255	51	0.6538
255	58	0.6538
255	120	0.5456
255	131	0.6538
255	151	0.596
255	169	0.596
255	184	0.7203
255	199	0.7203
255	210	0.596
255	255	1
255	303	0.5456
255	312	0.6538
256	2	0.596
256	23	0.596
256	119	0.5456
256	171	0.6538
256	216	0.596
256	234	0.596
256	256	1
257	70	0.5456
257	154	0.596
257	257	1
257	297	0.8898
258	1	0.5456
258	35	0.596
258	61	0.596
258	65	0.5456
258	68	0.596
258	88	0.596
258	99	0.5456
258	142	0.596
258	190	0.596
258	258	1
258	290	0.596
259	37	0.596
259	126	0.5456
259	221	0.596
259	259	1
259	261	0.596
260	123	0.596
260	155	0.6538
260	230	0.596
260	251	0.596
260	260	1
260	262	0.6538
261	37	0.8898
261	67	0.7203
261	74	0.596
261	101	0.596
261	104	0.798
261	135	0.6538
261	143	0.596
261	232	0.5456
261	259	0.596
261	261	1
261	268	0.6538
261	289	0.6538
262	28	0.6538
262	76	0.5456
262	236	0.6538
262	260	0.6538
262	262	1
263	19	0.6538
263	28	0.596
263	29	0.596
263	61	0.596
263	109	0.5456
263	123	0.596
263	146	0.596
263	190	0.596
263	194	0.6538
263	195	0.596
263	230	0.596
263	263	1
263	313	0.596
263	315	0.6538
264	20	0.596
264	44	0.596
264	57	0.596
264	60	0.5456
264	94	0.596
264	109	0.596
264	155	0.6538
264	187	0.596
264	193	0.596
264	206	0.596
264	226	0.5456
264	262	0.596
264	264	1
264	285	0.5456
264	315	0.6538
265	34	0.5456
265	41	0.5456
265	54	0.5456
265	186	0.5456
265	205	0.596
265	233	0.596
265	265	1
265	270	0.5456
265	273	0.5456
265	300	0.798
266	92	0.5456
266	266	1
266	279	0.596
267	8	0.596
267	24	0.596
267	45	0.6538
267	96	0.6538
267	110	0.6538
267	176	0.596
267	177	0.6538
267	267	1
267	271	0.6538
267	278	0.7203
267	294	0.6538
267	299	0.7203
267	306	0.7203
268	37	0.6538
268	71	0.6538
268	74	0.596
268	104	0.596
268	107	0.596
268	116	0.6538
268	135	1
268	173	0.798
268	261	0.6538
268	268	1
268	289	0.596
269	246	0.596
269	269	1
269	285	0.596
269	308	0.596
270	34	0.7203
270	41	0.596
270	185	0.596
270	186	0.5456
270	265	0.5456
270	270	1
270	300	0.596
271	59	0.5456
271	84	0.6538
271	97	0.5456
271	140	0.596
271	176	0.596
271	177	0.7203
271	186	0.5456
271	267	0.6538
271	271	1
271	278	0.596
271	294	0.7203
272	140	0.596
272	163	0.596
272	178	0.798
272	241	0.5456
272	250	0.5456
272	272	1
273	54	0.596
273	265	0.5456
273	273	1
274	5	0.7203
274	63	0.596
274	73	0.596
274	100	0.7203
274	108	0.596
274	139	0.6538
274	171	0.5456
274	234	0.596
274	274	1
274	307	0.596
275	103	0.596
275	275	1
276	8	0.596
276	19	0.596
276	24	0.596
276	45	0.6538
276	106	0.596
276	178	0.5456
276	276	1
276	278	0.7203
276	289	0.596
276	306	0.7203
277	198	0.5456
277	277	1
278	8	0.7203
278	24	0.7203
278	45	0.7203
278	96	0.6538
278	110	0.6538
278	177	0.6538
278	178	0.596
278	200	0.6538
278	267	0.7203
278	271	0.596
278	272	0.5456
278	276	0.7203
278	278	1
278	294	0.7203
278	299	0.7203
278	306	0.798
279	2	0.5456
279	40	0.5456
279	122	0.596
279	202	0.5456
279	266	0.596
279	279	1
280	38	0.5456
280	46	0.6538
280	49	0.6538
280	80	0.596
280	170	0.6538
280	180	0.5456
280	232	0.5456
280	237	0.5456
280	242	0.5456
280	245	0.5456
280	247	0.5456
280	280	1
281	6	0.8898
281	14	0.798
281	17	0.798
281	102	0.7203
281	150	0.7203
281	215	0.7203
281	228	0.8898
281	242	0.5456
281	253	0.798
281	281	1
282	26	1
282	160	0.596
282	282	1
283	92	0.5456
283	149	0.6538
283	186	0.5456
283	224	0.596
283	283	1
283	284	0.5456
284	147	0.596
284	208	0.596
284	283	0.5456
284	284	1
285	42	0.596
285	269	0.596
285	285	1
286	6	0.596
286	14	0.7203
286	17	0.6538
286	21	0.798
286	36	1
286	64	1
286	102	0.7203
286	114	1
286	117	0.798
286	131	0.798
286	145	0.798
286	184	0.8898
286	199	0.8898
286	215	0.7203
286	228	0.596
286	253	0.6538
286	281	0.596
286	286	1
287	7	0.596
287	27	0.596
287	69	0.6538
287	127	0.5456
287	198	0.5456
287	201	1
287	218	0.596
287	225	0.5456
287	287	1
288	4	0.5456
288	35	0.596
288	44	0.7203
288	53	0.6538
288	57	0.7203
288	60	0.6538
288	61	0.596
288	68	0.596
288	81	0.6538
288	88	0.596
288	89	0.6538
288	94	0.6538
288	123	0.596
288	130	0.6538
288	142	0.596
288	148	0.6538
288	167	0.596
288	168	0.6538
288	190	0.596
288	193	0.7203
288	194	0.596
288	235	0.7203
288	246	0.596
288	260	0.596
288	262	0.596
288	288	1
288	290	0.596
288	308	0.6538
288	309	0.8898
288	313	0.6538
289	37	0.6538
289	48	0.6538
289	67	0.5456
289	71	0.596
289	74	0.7203
289	104	0.596
289	135	0.596
289	261	0.6538
289	268	0.596
289	273	0.5456
289	289	1
290	35	0.8898
290	61	0.7203
290	68	1
290	88	0.8898
290	142	1
290	190	0.7203
290	194	0.6538
290	258	0.596
290	290	1
291	72	0.501
291	159	0.5456
291	291	1
292	38	0.596
292	46	0.596
292	49	0.596
292	66	0.6538
292	75	0.596
292	80	0.596
292	192	0.798
292	209	0.596
292	246	0.596
292	254	0.596
292	292	1
292	293	0.596
293	25	0.596
293	126	0.5456
293	230	0.596
293	245	0.596
293	247	0.5456
293	292	0.596
293	293	1
294	8	0.6538
294	24	0.6538
294	45	0.6538
294	59	0.5456
294	71	0.596
294	84	0.596
294	96	0.798
294	97	0.5456
294	110	0.7203
294	121	0.596
294	160	0.5456
294	177	0.6538
294	178	0.5456
294	200	0.7203
294	250	0.596
294	267	0.6538
294	271	0.7203
294	272	0.5456
294	278	0.7203
294	294	1
294	299	0.7203
294	306	0.6538
295	106	0.596
295	107	0.596
295	153	0.596
295	154	0.596
295	180	0.5456
295	182	0.6538
295	191	0.5456
295	220	0.596
295	229	0.596
295	242	0.5456
295	295	1
296	13	0.596
296	50	0.596
296	62	0.798
296	85	0.798
296	91	0.596
296	105	0.6538
296	134	0.6538
296	153	0.6538
296	161	0.6538
296	171	0.5456
296	212	0.7203
296	220	0.596
296	260	0.596
296	296	1
297	70	0.5456
297	154	0.5456
297	257	0.8898
297	297	1
298	122	0.6538
298	198	0.7203
298	206	0.596
298	298	1
298	303	0.5456
298	311	0.798
299	8	0.6538
299	24	0.7203
299	45	0.7203
299	84	0.596
299	96	0.798
299	110	0.6538
299	177	0.6538
299	178	0.596
299	200	0.7203
299	254	0.596
299	267	0.7203
299	271	0.596
299	272	0.5456
299	278	0.7203
299	294	0.7203
299	299	1
299	306	0.798
300	34	0.596
300	41	0.5456
300	162	0.596
300	185	0.5456
300	233	0.596
300	265	0.798
300	270	0.596
300	300	1
301	67	0.596
301	118	0.6538
301	119	0.5456
301	181	0.5456
301	225	0.7203
301	301	1
302	2	0.5456
302	70	0.501
302	93	0.596
302	164	0.596
302	181	0.5456
302	188	0.596
302	227	0.596
302	298	0.5456
302	302	1
302	311	0.596
303	169	0.596
303	298	0.5456
303	303	1
304	55	0.6538
304	106	0.596
304	115	0.5456
304	219	0.6538
304	304	1
305	138	0.596
305	189	0.5456
305	224	0.5456
305	241	0.5456
305	305	1
306	8	0.7203
306	24	0.798
306	45	0.7203
306	96	0.7203
306	106	0.596
306	110	0.7203
306	177	0.7203
306	178	0.5456
306	200	0.7203
306	267	0.7203
306	271	0.596
306	276	0.7203
306	278	0.798
306	294	0.6538
306	299	0.798
306	306	1
307	10	0.596
307	72	0.501
307	171	0.5456
307	179	0.7203
307	214	0.5456
307	237	0.5456
307	274	0.596
307	307	1
308	4	0.596
308	25	0.596
308	54	0.5456
308	60	0.5456
308	185	0.5456
308	226	0.596
308	269	0.596
308	308	1
308	309	0.7203
309	4	0.596
309	44	0.6538
309	53	0.6538
309	57	0.6538
309	60	0.6538
309	81	0.6538
309	89	0.6538
309	94	0.596
309	130	0.596
309	168	0.6538
309	193	0.6538
309	235	0.6538
309	246	0.596
309	269	0.596
309	288	0.8898
309	308	0.7203
309	309	1
309	313	0.596
310	31	0.5456
310	75	0.596
310	104	0.596
310	112	0.5456
310	116	0.596
310	126	0.596
310	141	0.596
310	144	0.596
310	180	0.5456
310	209	0.596
310	240	0.596
310	247	0.5456
310	310	1
310	314	0.596
311	122	0.798
311	198	0.798
311	298	0.798
311	302	0.596
311	311	1
312	2	0.5456
312	39	0.8898
312	47	0.798
312	51	0.6538
312	58	0.6538
312	72	0.501
312	169	0.596
312	181	0.5456
312	189	0.5456
312	205	0.6538
312	312	1
313	22	0.596
313	29	0.596
313	94	0.8898
313	123	0.596
313	183	0.596
313	194	0.596
313	313	1
314	101	0.596
314	126	0.5456
314	143	0.6538
314	191	0.596
314	245	0.5456
314	246	0.7203
314	247	0.5456
314	310	0.596
314	314	1
315	29	0.6538
315	31	0.5456
315	123	0.596
315	124	0.596
315	158	0.596
315	159	0.5456
315	194	0.596
315	230	0.596
315	236	0.596
315	246	0.596
315	263	0.6538
315	264	0.6538
315	277	0.5456
315	315	1
