1	1	1
1	16	0.522
1	46	0.5185
1	112	0.5037
1	145	0.5292
1	215	0.5186
1	221	0.5182
1	253	0.5333
1	254	0.5214
1	266	0.522
1	280	0.5217
1	292	0.5164
2	2	1
2	36	0.5227
2	38	0.5361
2	49	0.5267
2	55	0.533
2	71	0.5361
2	84	0.533
2	88	0.5207
2	115	0.5232
2	197	0.5393
3	3	1
3	41	0.5392
3	119	0.5325
3	167	0.5361
3	183	0.5211
3	192	0.5157
3	211	0.5068
3	242	0.5374
3	277	0.5114
3	310	0.5083
4	4	1
4	84	0.5323
4	103	0.53
5	5	1
5	18	0.5313
5	20	0.5319
5	32	0.5295
5	35	0.5454
5	54	0.5503
5	65	0.5316
5	78	0.5323
5	81	0.5408
5	146	0.5257
5	178	0.5391
5	191	0.5333
5	202	0.5408
5	218	0.5336
5	222	0.5559
5	231	0.5269
5	252	0.5425
5	257	0.5157
5	259	0.5444
5	281	0.5353
5	284	0.5425
5	285	0.5353
5	312	0.5425
6	6	1
6	51	0.5429
6	275	0.5323
7	7	1
7	64	0.5196
7	172	0.5399
7	282	0.5216
8	8	1
8	50	0.5232
8	98	0.5421
8	172	0.5306
8	216	0.5351
8	257	0.5216
8	264	0.5192
8	294	0.528
9	4	0.5241
9	9	1
9	11	0.5284
9	18	0.5283
9	20	0.5332
9	32	0.5268
9	37	0.5238
9	51	0.5397
9	61	0.5268
9	92	0.5265
9	115	0.5238
9	136	0.5272
9	142	0.5422
9	144	0.5319
9	151	0.5501
9	152	0.5157
9	171	0.5206
9	172	0.5281
9	174	0.5434
9	187	0.5371
9	200	0.5326
9	205	0.5255
9	210	0.5351
9	212	0.5353
9	218	0.5302
9	220	0.5341
9	223	0.5265
9	230	0.5241
9	234	0.5315
9	248	0.5408
9	249	0.5166
9	251	0.5343
9	254	0.5278
9	260	0.522
9	262	0.5228
9	269	0.5137
9	271	0.5183
9	291	0.5413
9	295	0.52
9	297	0.5368
9	308	0.5386
10	10	1
10	94	0.5266
10	105	0.529
10	106	0.5323
10	107	0.5198
10	114	0.5134
10	212	0.5314
10	243	0.5328
10	265	0.5167
10	288	0.5428
11	11	1
11	34	0.5337
11	46	0.5185
11	58	0.5304
11	64	0.5166
11	74	0.529
11	78	0.5369
11	95	0.5216
11	136	0.5211
11	143	0.516
11	151	0.5476
11	153	0.5198
11	164	0.5331
11	173	0.5271
11	204	0.5248
11	228	0.5223
11	262	0.5283
11	300	0.5188
12	2	0.5296
12	12	1
12	25	0.5303
12	36	0.5171
12	56	0.5238
12	58	0.5311
12	65	0.5337
12	114	0.5132
12	126	0.5337
12	137	0.5212
12	138	0.5277
12	148	0.5238
12	155	0.5513
12	157	0.5418
12	188	0.5408
12	200	0.5323
12	201	0.5281
12	209	0.5549
12	214	0.5388
12	217	0.5273
12	228	0.5306
12	230	0.5273
12	234	0.5306
12	239	0.5361
12	263	0.5429
12	266	0.5221
12	270	0.5399
12	279	0.5296
12	281	0.5379
12	285	0.5379
12	290	0.5271
12	296	0.5295
12	307	0.5345
13	13	1
13	44	0.5354
13	45	0.5223
13	47	0.5189
13	50	0.5233
13	71	0.5355
13	82	0.5198
13	96	0.5399
13	101	0.5376
13	103	0.5367
13	146	0.5233
13	231	0.5251
13	233	0.5355
13	250	0.5283
13	260	0.5284
13	264	0.5202
13	273	0.5524
13	312	0.5473
14	14	1
14	34	0.529
14	39	0.5341
14	46	0.5171
14	77	0.5241
14	81	0.5338
14	106	0.5464
14	169	0.5273
14	197	0.528
14	228	0.5208
14	254	0.5216
14	278	0.5212
14	282	0.5177
14	298	0.5159
15	15	1
15	120	0.5395
15	160	0.5339
15	193	0.5335
15	244	0.5335
15	274	0.5323
15	278	0.5205
16	1	0.522
16	16	1
16	40	0.5237
16	95	0.5221
16	116	0.524
16	171	0.5228
16	241	0.5122
16	249	0.5146
16	253	0.516
16	261	0.5111
16	266	0.5199
16	292	0.5163
17	17	1
17	69	0.5444
17	73	0.5333
17	80	0.5273
17	122	0.544
17	172	0.537
17	261	0.5181
18	18	1
18	74	0.529
18	81	0.5332
18	85	0.5335
18	111	0.5323
18	138	0.528
18	139	0.5213
18	151	0.5505
18	173	0.5268
18	176	0.5137
18	191	0.5335
18	200	0.5315
18	204	0.5241
18	205	0.5234
18	228	0.5259
18	253	0.5171
18	289	0.5252
19	19	1
19	32	0.5306
19	137	0.5208
19	140	0.5341
19	146	0.5267
19	152	0.5143
19	278	0.5193
19	279	0.5376
20	1	0.52
20	20	1
20	25	0.5348
20	32	0.5312
20	40	0.5223
20	46	0.5171
20	64	0.5178
20	82	0.516
20	95	0.5178
20	105	0.528
20	138	0.529
20	139	0.5249
20	144	0.5314
20	153	0.5312
20	156	0.5328
20	163	0.5262
20	183	0.5251
20	215	0.5173
20	218	0.5338
20	225	0.5266
20	229	0.5249
20	249	0.5146
20	277	0.5057
20	289	0.5348
20	297	0.5253
20	305	0.5238
20	315	0.5391
21	6	0.5376
21	12	0.5395
21	19	0.5253
21	21	1
21	27	0.5271
21	31	0.5332
21	43	0.5918
21	55	0.5464
21	68	0.5477
21	69	0.5238
21	72	0.5421
21	93	0.5486
21	96	0.5434
21	98	0.5391
21	102	0.5421
21	111	0.5408
21	129	0.5361
21	162	0.5464
21	165	0.5498
21	188	0.5748
21	214	0.5464
21	218	0.5306
21	223	0.5169
21	224	0.53
21	234	0.5238
21	244	0.528
21	256	0.5361
21	263	0.5535
21	267	0.529
21	285	0.5449
21	293	0.5323
22	3	0.52
22	4	0.5323
22	22	1
22	24	0.5275
22	45	0.5275
22	53	0.5421
22	84	0.5323
22	100	0.529
22	104	0.5238
22	198	0.5516
22	240	0.5323
22	298	0.5243
22	308	0.5361
23	23	1
23	41	0.5696
23	119	0.5622
23	130	0.5703
23	133	0.514
23	149	0.5099
23	150	0.5398
23	167	0.5436
23	192	0.5132
23	205	0.5251
23	221	0.5145
23	246	0.5542
23	265	0.5215
23	288	0.5452
23	299	0.5248
24	24	1
24	27	0.5249
24	91	0.5311
24	110	0.529
24	239	0.5273
24	278	0.5193
24	307	0.5337
25	20	0.5348
25	25	1
25	28	0.5298
25	38	0.5298
25	61	0.5234
25	110	0.5273
25	123	0.5269
25	124	0.5251
25	143	0.5171
25	145	0.5225
25	146	0.5258
25	148	0.5235
25	153	0.5216
25	156	0.5425
25	159	0.5262
25	182	0.5386
25	191	0.5417
25	252	0.5505
25	299	0.5207
26	1	0.521
26	26	1
26	34	0.5303
26	45	0.5213
26	73	0.5213
26	137	0.5234
26	188	0.5489
26	237	0.5269
26	261	0.5122
27	27	1
27	36	0.5176
27	114	0.5135
27	245	0.5309
27	256	0.544
28	28	1
28	47	0.5233
28	68	0.5457
28	88	0.5323
28	100	0.5328
28	121	0.5194
28	123	0.519
28	195	0.5368
28	313	0.5208
29	29	1
29	50	0.528
29	75	0.5278
29	104	0.5229
29	136	0.5253
29	191	0.5346
29	197	0.5285
29	275	0.5341
30	30	1
30	40	0.5243
30	95	0.5409
30	116	0.5212
30	139	0.5229
30	143	0.5169
30	206	0.5058
30	225	0.5294
30	229	0.5229
30	258	0.5265
30	295	0.5211
31	3	0.5171
31	31	1
31	48	0.5316
31	98	0.5388
31	100	0.5306
31	136	0.5216
31	182	0.5498
31	196	0.5281
31	197	0.5323
31	224	0.533
31	264	0.5211
31	303	0.5353
32	19	0.5306
32	20	0.5312
32	32	1
32	100	0.5378
32	160	0.5279
32	243	0.5421
32	307	0.5311
33	4	0.5275
33	6	0.5361
33	17	0.5444
33	21	0.5578
33	22	0.5486
33	27	0.5227
33	33	1
33	35	0.5464
33	42	0.7449
33	43	0.5593
33	51	0.5376
33	52	0.5626
33	53	0.5464
33	57	0.5663
33	60	0.5918
33	62	0.5663
33	70	0.5626
33	72	0.5425
33	76	0.529
33	79	0.7449
33	83	0.5444
33	86	0.5361
33	87	0.6289
33	93	0.5535
33	96	0.5444
33	97	0.5563
33	102	0.5425
33	111	0.5408
33	122	0.5535
33	125	0.5918
33	128	0.5703
33	131	0.5991
33	132	0.5348
33	158	0.5306
33	161	0.529
33	162	0.5486
33	165	0.5535
33	168	0.5703
33	170	0.551
33	180	0.6075
33	181	0.551
33	189	0.6075
33	190	0.5434
33	194	0.5408
33	195	0.551
33	198	0.6289
33	199	0.5238
33	203	0.5464
33	208	0.5323
33	220	0.5391
33	232	0.5464
33	235	0.5376
33	255	0.5434
33	256	0.5341
33	259	0.5444
33	273	0.551
33	283	0.5383
33	286	0.5825
33	290	0.5238
33	311	0.5444
34	11	0.5337
34	14	0.529
34	26	0.5303
34	34	1
34	61	0.5216
34	66	0.5387
34	69	0.5208
34	75	0.5306
34	88	0.5149
34	90	0.5247
34	111	0.5361
34	115	0.5238
34	144	0.5283
34	159	0.5302
34	220	0.5361
34	228	0.5232
34	237	0.5388
34	266	0.5265
35	5	0.5454
35	17	0.5408
35	19	0.5268
35	25	0.5323
35	28	0.5354
35	29	0.5284
35	35	1
35	36	0.5192
35	58	0.5335
35	64	0.5252
35	65	0.5268
35	80	0.5361
35	87	0.5671
35	99	0.5204
35	105	0.5278
35	108	0.537
35	109	0.5464
35	147	0.5247
35	154	0.5323
35	160	0.5313
35	182	0.5503
35	187	0.5425
35	195	0.5563
35	203	0.5418
35	222	0.5535
35	231	0.5238
35	233	0.5439
35	247	0.5425
35	274	0.5275
35	291	0.5399
35	293	0.5323
35	307	0.5486
35	314	0.5345
36	36	1
36	99	0.5198
36	107	0.5232
37	37	1
37	172	0.5464
37	199	0.5271
38	2	0.5361
38	38	1
38	74	0.5286
38	103	0.5332
38	117	0.5253
38	146	0.5271
38	148	0.5294
38	159	0.5452
38	174	0.5327
38	261	0.511
38	264	0.5323
38	305	0.5429
39	4	0.529
39	14	0.5341
39	39	1
39	53	0.5372
39	57	0.5464
39	122	0.5418
39	179	0.5374
39	208	0.5314
39	220	0.5353
39	230	0.5361
39	278	0.5368
39	284	0.5571
39	289	0.5245
39	298	0.5221
40	16	0.5237
40	30	0.5243
40	40	1
40	82	0.5198
40	95	0.5225
40	116	0.5259
40	123	0.5355
40	124	0.5271
40	143	0.5204
40	153	0.5174
40	156	0.54
40	171	0.5181
40	176	0.5144
40	183	0.5229
40	207	0.5092
40	225	0.5336
40	258	0.5244
41	3	0.5392
41	10	0.5254
41	23	0.5696
41	41	1
41	119	0.6423
41	130	0.6061
41	133	0.5128
41	149	0.5159
41	150	0.5545
41	167	0.5721
41	170	0.5701
41	183	0.5251
41	192	0.5191
41	211	0.5045
41	236	0.5776
41	240	0.5434
41	242	0.5507
41	246	0.5821
41	265	0.518
41	277	0.5066
41	288	0.5703
41	291	0.542
41	299	0.5295
41	310	0.5119
42	4	0.5238
42	6	0.5306
42	17	0.5391
42	21	0.5464
42	22	0.5425
42	33	0.7449
42	42	1
42	43	0.551
42	53	0.5383
42	57	0.5563
42	60	0.5682
42	62	0.5563
42	70	0.5535
42	79	0.6355
42	86	0.5323
42	87	0.5991
42	90	0.5249
42	93	0.5434
42	96	0.5391
42	97	0.5486
42	108	0.5335
42	111	0.5341
42	122	0.5464
42	125	0.5748
42	128	0.5593
42	131	0.5798
42	132	0.5311
42	134	0.5434
42	162	0.5425
42	180	0.5854
42	181	0.5444
42	188	0.5449
42	189	0.5854
42	190	0.5361
42	195	0.5444
42	198	0.5991
42	210	0.5376
42	220	0.5348
42	232	0.5408
42	235	0.5335
42	255	0.5361
42	256	0.529
42	264	0.5181
42	272	0.5535
42	273	0.5444
42	283	0.5323
42	286	0.5626
42	296	0.5275
42	311	0.5391
43	6	0.528
43	8	0.5262
43	21	0.5918
43	43	1
43	55	0.5361
43	75	0.5223
43	86	0.5298
43	111	0.53
43	196	0.5285
43	199	0.5452
43	201	0.5323
43	203	0.5477
43	217	0.5238
43	230	0.5238
44	13	0.5354
44	44	1
44	166	0.5316
44	244	0.5243
44	289	0.529
45	45	1
45	126	0.5313
45	163	0.5315
45	296	0.5286
46	1	0.5185
46	46	1
46	206	0.5064
46	241	0.5121
46	250	0.53
46	265	0.5216
47	47	1
47	193	0.533
47	216	0.5161
47	261	0.5148
47	269	0.509
48	48	1
48	154	0.5309
48	197	0.529
48	304	0.5298
49	27	0.5227
49	49	1
49	55	0.5444
49	137	0.5258
49	154	0.5348
49	191	0.5323
49	245	0.5273
49	282	0.5216
49	304	0.5323
49	309	0.5341
50	8	0.5232
50	29	0.528
50	50	1
50	147	0.5249
50	264	0.5189
50	269	0.5067
50	274	0.5525
51	2	0.529
51	6	0.5429
51	9	0.5397
51	51	1
51	53	0.5351
51	59	0.5447
51	71	0.5323
51	76	0.5282
51	110	0.5207
51	180	0.5535
51	195	0.5388
51	212	0.5285
51	243	0.5383
51	245	0.5296
51	261	0.5161
51	309	0.5545
51	313	0.5193
52	5	0.5408
52	7	0.5282
52	14	0.5316
52	17	0.5351
52	35	0.5491
52	43	0.5421
52	52	1
52	54	0.5674
52	67	0.5372
52	68	0.551
52	70	0.5587
52	73	0.53
52	76	0.5253
52	77	0.5275
52	78	0.5323
52	80	0.5316
52	81	0.533
52	85	0.5257
52	89	0.5221
52	91	0.5473
52	92	0.5202
52	93	0.5535
52	94	0.5282
52	101	0.544
52	103	0.5329
52	105	0.5316
52	125	0.5535
52	128	0.5798
52	131	0.5556
52	132	0.5408
52	134	0.5498
52	135	0.5355
52	140	0.5425
52	142	0.5376
52	144	0.5299
52	151	0.551
52	154	0.537
52	155	0.5298
52	166	0.5429
52	168	0.5626
52	169	0.5351
52	177	0.5663
52	184	0.5383
52	188	0.5398
52	189	0.5777
52	194	0.5452
52	195	0.552
52	199	0.5593
52	204	0.5282
52	205	0.5268
52	208	0.5408
52	210	0.5464
52	219	0.5309
52	222	0.5491
52	224	0.5361
52	227	0.5275
52	237	0.53
52	238	0.5535
52	247	0.5379
52	252	0.5452
52	255	0.5481
52	259	0.5477
52	268	0.5408
52	272	0.5434
52	273	0.552
52	276	0.5316
52	296	0.5273
52	297	0.5314
52	305	0.5233
52	311	0.5351
52	312	0.5452
53	8	0.5311
53	22	0.5421
53	39	0.5372
53	53	1
53	58	0.5316
53	150	0.5268
53	161	0.529
53	170	0.5587
53	178	0.5332
53	261	0.5129
54	5	0.5503
54	52	0.5674
54	54	1
54	58	0.5306
54	67	0.5486
54	80	0.5252
54	94	0.5302
54	128	0.5452
54	135	0.5361
54	159	0.5271
54	177	0.5388
54	185	0.5354
54	208	0.5408
54	233	0.5323
54	252	0.5653
54	255	0.5464
54	269	0.5101
54	305	0.5191
55	2	0.533
55	21	0.5464
55	36	0.5198
55	43	0.5361
55	48	0.5298
55	49	0.5444
55	55	1
55	69	0.5262
55	104	0.5238
55	115	0.5314
55	117	0.5361
55	158	0.5464
55	161	0.5332
55	219	0.5278
55	239	0.5309
55	307	0.5498
56	56	1
56	109	0.5408
56	129	0.5309
56	193	0.5345
56	247	0.5376
56	300	0.5328
57	2	0.5379
57	22	0.5383
57	25	0.5361
57	33	0.5663
57	39	0.5464
57	42	0.5563
57	45	0.5306
57	57	1
57	86	0.5314
57	87	0.5653
57	97	0.5421
57	99	0.5383
57	101	0.5332
57	104	0.5275
57	115	0.5245
57	161	0.5395
57	181	0.5395
57	193	0.5351
57	233	0.5316
57	260	0.5323
57	284	0.5464
57	312	0.5464
58	11	0.5304
58	58	1
58	77	0.5228
58	80	0.5245
58	90	0.5267
58	135	0.5339
58	184	0.5348
58	217	0.5258
58	227	0.528
58	287	0.5395
59	18	0.5286
59	32	0.5266
59	51	0.5447
59	59	1
59	64	0.5154
59	71	0.5349
59	92	0.5198
59	102	0.5567
59	117	0.528
59	135	0.5323
59	137	0.5241
59	138	0.5298
59	144	0.5279
59	166	0.5278
59	175	0.5361
59	190	0.5275
59	191	0.5303
59	205	0.5247
59	219	0.528
59	227	0.5329
59	239	0.538
59	245	0.5252
59	259	0.5676
59	260	0.5278
59	274	0.5284
59	281	0.5399
59	304	0.5307
59	307	0.5368
59	311	0.5391
59	315	0.5318
60	15	0.529
60	22	0.5376
60	33	0.5918
60	42	0.5682
60	60	1
60	70	0.5464
60	72	0.5498
60	79	0.6598
60	87	0.5798
60	88	0.5159
60	93	0.5626
60	101	0.5311
60	106	0.5391
60	126	0.53
60	128	0.551
60	130	0.5893
60	133	0.5122
60	157	0.5425
60	165	0.5601
60	168	0.7314
60	170	0.622
60	180	0.6031
60	184	0.5391
60	194	0.5648
60	202	0.5854
60	209	0.5653
60	232	0.5535
60	236	0.5563
60	238	0.5408
60	246	0.552
60	248	0.5481
60	267	0.5348
60	268	0.5434
60	275	0.5311
60	281	0.5361
60	286	0.5498
60	288	0.5606
60	309	0.5361
60	314	0.5408
61	61	1
62	5	0.5418
62	6	0.53
62	11	0.5378
62	13	0.537
62	20	0.5323
62	22	0.5383
62	28	0.5316
62	29	0.5425
62	31	0.5498
62	33	0.5663
62	42	0.5563
62	44	0.5306
62	62	1
62	67	0.5813
62	68	0.5522
62	73	0.5233
62	75	0.5238
62	78	0.5329
62	79	0.5663
62	80	0.5232
62	83	0.5491
62	85	0.5262
62	87	0.5653
62	90	0.5262
62	91	0.5302
62	100	0.533
62	101	0.5452
62	106	0.5395
62	109	0.5429
62	125	0.5556
62	126	0.544
62	128	0.5481
62	136	0.5216
62	151	0.5641
62	165	0.5552
62	166	0.5323
62	177	0.5395
62	184	0.5395
62	193	0.5351
62	197	0.5454
62	204	0.529
62	209	0.5587
62	210	0.5351
62	214	0.5383
62	217	0.5249
62	222	0.5644
62	224	0.5505
62	230	0.5249
62	243	0.5388
62	249	0.5145
62	259	0.5491
62	267	0.5361
62	270	0.5398
62	273	0.5535
62	274	0.5332
62	275	0.5332
62	276	0.5323
62	279	0.5379
62	281	0.5372
62	286	0.5464
62	296	0.5361
62	301	0.5452
62	303	0.5552
62	307	0.5332
62	308	0.5418
62	312	0.5464
62	313	0.5161
62	314	0.5298
63	16	0.5188
63	63	1
63	85	0.529
63	134	0.5423
63	145	0.5263
63	160	0.5343
63	171	0.5203
63	190	0.5266
63	295	0.5198
63	297	0.5284
64	64	1
64	262	0.5215
64	269	0.5077
64	310	0.5019
65	65	1
65	110	0.529
66	34	0.5387
66	63	0.529
66	66	1
66	118	0.5132
66	175	0.5367
66	193	0.529
66	205	0.5232
66	224	0.5418
66	226	0.5238
66	247	0.5425
66	274	0.5275
66	282	0.5268
67	11	0.5286
67	25	0.5328
67	44	0.5262
67	54	0.5486
67	62	0.5813
67	66	0.5314
67	67	1
67	77	0.5253
67	80	0.5284
67	83	0.5418
67	100	0.5376
67	113	0.5063
67	129	0.5361
67	164	0.5302
67	193	0.5298
67	204	0.5249
67	208	0.5351
67	209	0.5491
67	214	0.5323
67	222	0.5549
67	224	0.5429
67	267	0.5306
67	270	0.5444
67	273	0.5452
67	298	0.5152
67	303	0.5464
68	15	0.53
68	20	0.5365
68	21	0.5477
68	25	0.5346
68	28	0.5457
68	31	0.5361
68	43	0.5388
68	49	0.5284
68	59	0.5341
68	62	0.5522
68	63	0.5314
68	66	0.5345
68	68	1
68	80	0.5238
68	85	0.5262
68	94	0.5368
68	100	0.5317
68	102	0.5425
68	105	0.5311
68	108	0.5493
68	110	0.5193
68	117	0.5233
68	132	0.5383
68	142	0.5361
68	145	0.5218
68	151	0.565
68	177	0.5464
68	182	0.543
68	186	0.5273
68	188	0.5464
68	197	0.5335
68	215	0.5159
68	217	0.5252
68	218	0.5452
68	224	0.5653
68	238	0.537
68	251	0.5327
68	270	0.5368
68	271	0.5242
68	282	0.5221
68	284	0.5513
68	301	0.5503
69	17	0.5444
69	69	1
69	155	0.5302
70	2	0.537
70	5	0.5408
70	22	0.5372
70	37	0.5387
70	52	0.5587
70	66	0.5361
70	70	1
70	71	0.5399
70	76	0.5383
70	78	0.5323
70	80	0.5227
70	84	0.5505
70	89	0.5221
70	91	0.5473
70	101	0.544
70	105	0.5316
70	113	0.507
70	115	0.5238
70	125	0.5535
70	126	0.5429
70	128	0.5626
70	131	0.5556
70	159	0.5252
70	163	0.5271
70	164	0.5337
70	172	0.5563
70	190	0.5323
70	196	0.529
70	209	0.5421
70	213	0.5306
70	220	0.5323
70	222	0.5491
70	227	0.5275
70	230	0.5243
70	234	0.5284
70	270	0.5388
70	271	0.5232
70	272	0.5434
70	275	0.544
70	276	0.5316
70	287	0.5345
70	289	0.5285
70	294	0.5159
70	296	0.5273
70	303	0.5395
70	307	0.5323
70	308	0.5408
70	309	0.5361
70	311	0.5351
71	2	0.5361
71	13	0.5355
71	44	0.5311
71	59	0.5349
71	65	0.5247
71	71	1
71	74	0.5286
71	83	0.543
71	92	0.5178
71	104	0.522
71	107	0.5224
71	113	0.5114
71	145	0.5227
71	163	0.5244
71	175	0.5335
71	213	0.5393
71	227	0.5367
71	235	0.54
71	244	0.5262
71	271	0.5198
71	280	0.5219
71	287	0.5344
72	3	0.5192
72	6	0.5341
72	22	0.5408
72	31	0.5408
72	38	0.5341
72	53	0.5383
72	72	1
72	83	0.5498
72	96	0.5388
72	125	0.5552
72	127	0.5253
72	129	0.5337
72	148	0.5245
72	162	0.5408
72	178	0.5337
72	180	0.5434
72	186	0.5309
72	195	0.5418
72	198	0.5626
72	211	0.5012
72	260	0.5255
72	261	0.5275
73	17	0.5333
73	73	1
73	113	0.5128
73	118	0.5246
73	176	0.511
73	206	0.5059
74	11	0.529
74	18	0.529
74	38	0.5286
74	74	1
74	89	0.5227
74	113	0.5069
74	136	0.522
74	138	0.53
74	148	0.5268
74	200	0.5286
74	262	0.5227
74	300	0.5244
75	29	0.5278
75	34	0.5306
75	75	1
75	86	0.5353
75	99	0.5198
75	278	0.5211
76	10	0.5247
76	76	1
76	115	0.5323
76	199	0.5306
76	219	0.5284
76	264	0.5181
77	77	1
77	171	0.5185
77	201	0.5262
77	219	0.529
78	7	0.5313
78	11	0.5369
78	29	0.5277
78	56	0.5262
78	58	0.5314
78	76	0.53
78	78	1
78	126	0.5333
78	127	0.5262
78	179	0.5302
78	222	0.551
78	231	0.5243
78	237	0.5319
78	270	0.5444
78	301	0.5479
78	305	0.5222
79	6	0.5361
79	12	0.5391
79	21	0.5578
79	27	0.5227
79	33	0.7449
79	35	0.5464
79	42	0.6355
79	52	0.5626
79	60	0.6598
79	62	0.5663
79	65	0.5207
79	70	0.5626
79	79	1
79	87	0.6289
79	90	0.529
79	93	0.5918
79	101	0.5391
79	106	0.551
79	108	0.5376
79	111	0.5408
79	125	0.5535
79	126	0.5376
79	128	0.5703
79	131	0.5578
79	154	0.53
79	157	0.5563
79	158	0.5306
79	165	0.5535
79	168	0.5703
79	180	0.5626
79	184	0.551
79	189	0.5626
79	194	0.5408
79	198	0.5748
79	202	0.5825
79	208	0.5323
79	209	0.5593
79	238	0.5535
79	256	0.5341
79	259	0.5444
79	268	0.5682
79	273	0.551
79	275	0.5391
79	281	0.5464
79	286	0.5825
79	290	0.5238
79	314	0.5335
80	80	1
80	208	0.5302
80	250	0.5221
80	269	0.5059
81	5	0.5408
81	14	0.5338
81	18	0.5332
81	81	1
81	109	0.5415
81	114	0.5213
81	121	0.5271
81	123	0.5194
81	138	0.5393
81	169	0.5368
81	182	0.5374
81	215	0.5175
81	228	0.5262
81	231	0.5238
81	248	0.5439
81	251	0.5348
81	289	0.5255
81	293	0.5302
82	40	0.5198
82	82	1
82	241	0.5109
82	280	0.5244
83	6	0.5351
83	10	0.5233
83	28	0.5348
83	44	0.5249
83	51	0.5361
83	67	0.5418
83	71	0.543
83	72	0.5498
83	83	1
83	127	0.5258
83	151	0.5535
83	164	0.5376
83	177	0.5429
83	187	0.5416
83	188	0.5535
83	195	0.5429
83	199	0.5282
83	210	0.5498
83	213	0.5454
83	283	0.5361
83	296	0.5311
83	301	0.5475
83	305	0.5205
83	311	0.5398
83	313	0.5211
84	2	0.533
84	4	0.5323
84	38	0.5278
84	70	0.5505
84	73	0.5275
84	84	1
84	99	0.521
84	204	0.5249
84	257	0.5306
84	264	0.5275
84	267	0.5306
85	18	0.5335
85	63	0.529
85	85	1
85	95	0.5192
85	127	0.5319
85	136	0.5213
85	141	0.5208
85	173	0.5282
85	176	0.5091
85	217	0.5234
85	258	0.5221
85	269	0.511
86	4	0.5268
86	75	0.5353
86	86	1
86	110	0.5202
86	178	0.5399
86	185	0.5348
86	191	0.5338
86	199	0.5249
86	220	0.533
86	261	0.5157
86	282	0.5232
86	311	0.5353
87	5	0.5395
87	7	0.5372
87	12	0.5434
87	17	0.5323
87	22	0.5348
87	26	0.5314
87	29	0.5298
87	31	0.5361
87	33	0.6289
87	34	0.5425
87	35	0.5671
87	39	0.53
87	42	0.5991
87	43	0.5601
87	44	0.5262
87	52	0.5626
87	54	0.5421
87	56	0.5271
87	57	0.5653
87	60	0.5798
87	62	0.5653
87	66	0.5335
87	67	0.5516
87	68	0.552
87	69	0.5262
87	70	0.5626
87	79	0.6289
87	87	1
87	90	0.5361
87	93	0.5563
87	94	0.5245
87	97	0.5391
87	98	0.5444
87	99	0.5189
87	101	0.5434
87	106	0.5361
87	108	0.5421
87	109	0.5552
87	111	0.5464
87	125	0.5825
87	127	0.5267
87	128	0.5682
87	131	0.5593
87	134	0.5505
87	147	0.5249
87	151	0.5663
87	157	0.5578
87	164	0.5429
87	165	0.5556
87	168	0.5682
87	169	0.5323
87	172	0.529
87	180	0.5626
87	182	0.5593
87	184	0.5361
87	189	0.5918
87	190	0.5275
87	193	0.5311
87	194	0.5449
87	195	0.5361
87	196	0.5348
87	197	0.5323
87	198	0.5703
87	202	0.5434
87	203	0.5498
87	208	0.5391
87	209	0.5408
87	220	0.5434
87	222	0.5498
87	223	0.5181
87	224	0.5498
87	226	0.5238
87	227	0.5361
87	233	0.5498
87	234	0.5353
87	235	0.5421
87	238	0.5376
87	243	0.5361
87	246	0.5491
87	247	0.5491
87	248	0.53
87	252	0.5449
87	256	0.5408
87	259	0.5481
87	263	0.5601
87	268	0.5383
87	270	0.5505
87	272	0.5425
87	273	0.5535
87	274	0.5434
87	284	0.5449
87	285	0.5335
87	286	0.5434
87	287	0.5563
87	290	0.5361
87	302	0.5383
87	303	0.5376
87	309	0.5341
87	312	0.5449
88	28	0.5323
88	88	1
89	89	1
89	92	0.5178
89	99	0.5198
89	105	0.5389
89	245	0.5295
90	90	1
90	121	0.529
90	234	0.5262
90	267	0.5314
90	268	0.5348
91	24	0.5311
91	45	0.5248
91	70	0.5473
91	91	1
91	121	0.5187
91	142	0.5356
91	159	0.5266
91	173	0.5255
91	175	0.5275
91	210	0.5329
91	275	0.5393
91	276	0.5313
91	278	0.5201
91	289	0.529
91	309	0.5344
92	92	1
92	133	0.5238
92	152	0.6098
92	221	0.5164
93	14	0.5361
93	21	0.5486
93	24	0.5372
93	60	0.5626
93	69	0.523
93	79	0.5918
93	80	0.5262
93	93	1
93	107	0.521
93	140	0.5379
93	157	0.5498
93	158	0.5323
93	184	0.5464
93	197	0.529
93	203	0.5434
93	205	0.5314
93	208	0.5335
93	209	0.5516
93	239	0.529
93	267	0.528
93	278	0.5186
93	282	0.5245
93	313	0.5186
94	10	0.5266
94	94	1
94	97	0.537
94	146	0.5247
95	16	0.5221
95	30	0.5409
95	40	0.5225
95	64	0.5174
95	95	1
95	123	0.5235
95	124	0.5225
95	141	0.5176
95	153	0.5218
95	225	0.5242
95	292	0.5148
95	295	0.5244
96	13	0.5399
96	26	0.529
96	51	0.5361
96	89	0.5267
96	96	1
96	98	0.5491
96	103	0.529
96	118	0.5129
96	131	0.5434
96	142	0.5408
96	148	0.5249
96	152	0.5156
96	162	0.5418
96	174	0.5355
96	188	0.5434
96	232	0.5408
96	283	0.5361
96	302	0.5311
97	57	0.5421
97	66	0.5341
97	86	0.529
97	94	0.537
97	97	1
97	128	0.5434
97	166	0.5298
97	173	0.5449
97	199	0.5323
97	226	0.5271
97	235	0.5408
97	313	0.533
98	4	0.5253
98	8	0.5421
98	13	0.537
98	31	0.5388
98	66	0.5372
98	96	0.5491
98	98	1
98	125	0.5556
98	165	0.5552
98	182	0.537
98	186	0.5275
98	210	0.5351
98	222	0.5505
98	256	0.529
98	283	0.5311
98	306	0.529
98	308	0.5418
98	309	0.5475
98	312	0.5464
99	36	0.5198
99	89	0.5198
99	99	1
99	257	0.5198
100	28	0.5328
100	32	0.5378
100	67	0.5376
100	100	1
100	197	0.5285
100	267	0.5278
100	270	0.5387
101	13	0.5376
101	65	0.5243
101	101	1
101	226	0.5323
101	266	0.5193
101	296	0.5367
101	311	0.537
102	14	0.5267
102	19	0.5255
102	47	0.5238
102	59	0.5567
102	84	0.5298
102	102	1
102	111	0.5361
102	131	0.5421
102	132	0.5337
102	146	0.5284
102	150	0.5284
102	162	0.5522
102	179	0.538
102	201	0.529
102	214	0.5522
102	220	0.5464
102	262	0.5204
102	279	0.5399
102	298	0.5227
102	308	0.5434
103	4	0.53
103	7	0.5253
103	10	0.5248
103	13	0.5367
103	38	0.5332
103	82	0.5199
103	89	0.5273
103	103	1
103	120	0.5286
103	145	0.5212
103	169	0.529
103	174	0.5448
103	212	0.5357
103	237	0.5272
103	243	0.5378
104	104	1
104	107	0.5185
104	230	0.5238
104	257	0.5227
105	10	0.529
105	61	0.5245
105	64	0.5146
105	89	0.5389
105	105	1
105	108	0.5489
105	153	0.5179
105	197	0.528
105	228	0.5255
105	238	0.5383
105	264	0.5252
106	10	0.5323
106	14	0.5464
106	44	0.5268
106	106	1
106	107	0.5157
106	164	0.5309
106	231	0.5245
106	248	0.5298
106	284	0.5522
106	298	0.5157
106	300	0.5159
106	314	0.5361
107	36	0.5232
107	107	1
108	10	0.5285
108	15	0.5317
108	56	0.5232
108	68	0.5493
108	88	0.5148
108	94	0.5302
108	105	0.5489
108	108	1
108	120	0.5423
108	146	0.543
108	197	0.5439
108	239	0.5273
108	244	0.5255
108	245	0.5296
108	286	0.5434
108	300	0.5266
108	302	0.5271
108	313	0.5193
109	25	0.5356
109	35	0.5464
109	56	0.5408
109	74	0.528
109	78	0.5328
109	81	0.5415
109	109	1
109	113	0.5095
109	126	0.5323
109	129	0.5399
109	135	0.5419
109	147	0.529
109	166	0.5323
109	178	0.5399
109	205	0.5284
109	247	0.5464
109	251	0.5521
109	263	0.5408
109	275	0.533
109	290	0.5253
109	300	0.5262
109	305	0.5249
110	24	0.529
110	65	0.529
110	110	1
110	140	0.5306
110	153	0.524
110	261	0.5137
111	18	0.5323
111	34	0.5361
111	75	0.5245
111	111	1
111	151	0.5535
111	157	0.5434
111	161	0.5271
111	234	0.5296
111	263	0.5606
111	290	0.5238
112	112	1
112	149	0.5063
112	310	0.5904
113	113	1
113	118	0.5157
113	206	0.5179
113	241	0.512
114	114	1
115	37	0.5212
115	55	0.5314
115	76	0.5323
115	115	1
115	150	0.5296
115	257	0.5192
116	1	0.521
116	16	0.524
116	30	0.5212
116	40	0.5259
116	82	0.5165
116	112	0.5091
116	116	1
116	123	0.5219
116	171	0.5217
116	176	0.5146
116	183	0.5199
116	207	0.5068
116	225	0.5291
116	249	0.5156
116	254	0.5217
116	280	0.5337
116	292	0.5175
116	295	0.5197
116	297	0.5291
116	299	0.5333
117	55	0.5361
117	117	1
117	138	0.5275
117	147	0.5234
118	73	0.5246
118	113	0.5157
118	118	1
118	206	0.5058
118	223	0.519
119	3	0.5325
119	23	0.5622
119	41	0.6423
119	61	0.5214
119	119	1
119	130	0.6008
119	133	0.5137
119	149	0.5207
119	150	0.5461
119	167	0.5649
119	183	0.5241
119	192	0.5279
119	211	0.5134
119	236	0.5599
119	242	0.5525
119	246	0.5552
119	265	0.5323
119	277	0.5109
119	288	0.5461
119	299	0.5259
119	310	0.5069
119	314	0.5275
120	15	0.5395
120	103	0.5286
120	108	0.5423
120	120	1
121	90	0.529
121	121	1
121	275	0.5335
122	7	0.5262
122	17	0.544
122	19	0.529
122	22	0.5341
122	31	0.5353
122	39	0.5418
122	43	0.5383
122	55	0.5341
122	57	0.5408
122	63	0.5303
122	66	0.5332
122	108	0.5398
122	117	0.529
122	122	1
122	146	0.5316
122	155	0.5275
122	158	0.5361
122	172	0.5408
122	178	0.5379
122	181	0.5477
122	185	0.5323
122	187	0.5353
122	191	0.5317
122	193	0.5429
122	194	0.5418
122	214	0.5341
122	219	0.5376
122	226	0.5262
122	259	0.544
122	285	0.5332
122	286	0.5391
122	301	0.5408
122	303	0.5361
122	307	0.5408
122	313	0.5323
123	40	0.5355
123	95	0.5235
123	116	0.5219
123	123	1
123	124	0.5233
123	139	0.5255
123	141	0.5161
123	156	0.5288
123	171	0.5187
123	225	0.5302
123	229	0.5236
123	254	0.5189
123	258	0.5219
124	16	0.522
124	30	0.5177
124	40	0.5271
124	82	0.5215
124	95	0.5225
124	112	0.5043
124	116	0.5211
124	123	0.5233
124	124	1
124	139	0.5243
124	143	0.5221
124	145	0.5289
124	183	0.5245
124	207	0.5083
124	221	0.5156
124	225	0.5288
124	229	0.5209
124	253	0.5262
124	254	0.5198
124	258	0.5244
124	280	0.5217
124	292	0.5224
124	295	0.5242
125	7	0.5452
125	8	0.5335
125	12	0.5383
125	18	0.5348
125	19	0.5372
125	21	0.5486
125	26	0.5388
125	27	0.5395
125	31	0.544
125	32	0.533
125	33	0.5918
125	42	0.5748
125	51	0.5372
125	53	0.5425
125	62	0.5556
125	69	0.523
125	70	0.5535
125	72	0.5552
125	73	0.5257
125	74	0.5302
125	78	0.5447
125	87	0.5825
125	96	0.5421
125	98	0.5556
125	102	0.5408
125	125	1
125	131	0.5486
125	136	0.5243
125	148	0.5238
125	151	0.5593
125	162	0.5449
125	165	0.5648
125	174	0.5278
125	179	0.5309
125	180	0.551
125	189	0.5748
125	198	0.5563
125	203	0.5434
125	208	0.5335
125	216	0.5159
125	220	0.5383
125	222	0.5748
125	223	0.5166
125	232	0.5434
125	234	0.5323
125	235	0.5372
125	236	0.5379
125	245	0.544
125	255	0.5408
125	256	0.5348
125	267	0.528
125	279	0.5314
125	283	0.5376
125	293	0.5311
125	302	0.5306
126	45	0.5313
126	78	0.5333
126	88	0.5148
126	126	1
126	281	0.537
127	37	0.5161
127	85	0.5319
127	110	0.522
127	118	0.515
127	127	1
127	196	0.529
127	260	0.5241
128	2	0.5282
128	33	0.5703
128	42	0.5593
128	52	0.5798
128	54	0.5452
128	65	0.5216
128	70	0.5626
128	76	0.5271
128	79	0.5703
128	80	0.5238
128	87	0.5682
128	91	0.5309
128	94	0.5298
128	97	0.5434
128	101	0.5341
128	105	0.533
128	114	0.5169
128	117	0.5232
128	128	1
128	134	0.5408
128	147	0.529
128	153	0.5198
128	164	0.5454
128	185	0.5361
128	212	0.5278
128	233	0.5323
128	243	0.5398
128	247	0.5398
128	259	0.5505
128	275	0.5341
128	311	0.5372
129	56	0.5309
129	109	0.5399
129	113	0.5135
129	129	1
129	137	0.5201
129	186	0.5278
129	223	0.5286
129	226	0.5298
129	247	0.5368
129	281	0.5353
129	283	0.5418
129	305	0.5245
130	3	0.5211
130	10	0.5249
130	23	0.5703
130	41	0.6061
130	60	0.5893
130	61	0.5401
130	119	0.6008
130	120	0.5295
130	130	1
130	150	0.5526
130	167	0.5381
130	168	0.6637
130	170	0.6173
130	180	0.5549
130	181	0.5416
130	194	0.5464
130	232	0.5589
130	236	0.5933
130	240	0.5503
130	242	0.5266
130	243	0.5329
130	244	0.5296
130	246	0.6343
130	265	0.5209
130	283	0.5464
130	288	0.6355
130	291	0.5711
130	299	0.5218
130	302	0.5323
130	309	0.5553
130	315	0.5318
131	19	0.5253
131	26	0.529
131	33	0.5991
131	42	0.5798
131	43	0.5361
131	47	0.523
131	52	0.5556
131	54	0.5383
131	69	0.5238
131	70	0.5556
131	84	0.5311
131	96	0.5434
131	97	0.5348
131	102	0.5421
131	106	0.5323
131	111	0.5408
131	120	0.5282
131	131	1
131	137	0.5211
131	161	0.5323
131	180	0.5535
131	189	0.5535
131	198	0.5593
131	203	0.5449
131	226	0.5207
131	263	0.5361
131	273	0.5648
131	276	0.537
131	278	0.5192
132	15	0.5306
132	69	0.5216
132	75	0.5249
132	117	0.5238
132	132	1
132	186	0.5278
132	195	0.537
132	199	0.5243
132	213	0.5309
132	233	0.5387
132	244	0.5243
132	271	0.5173
132	293	0.537
132	296	0.528
133	92	0.5238
133	133	1
133	149	0.5212
133	152	0.5222
133	211	0.5093
133	221	0.5191
133	277	0.5171
134	4	0.5249
134	11	0.5302
134	59	0.5335
134	63	0.5423
134	77	0.5332
134	90	0.5255
134	101	0.5309
134	134	1
134	141	0.5158
134	155	0.529
134	194	0.5408
134	196	0.5408
134	227	0.5273
134	228	0.5234
134	239	0.5329
134	260	0.5216
134	276	0.5306
134	285	0.5337
134	287	0.5408
134	297	0.5357
135	16	0.5198
135	58	0.5339
135	74	0.5272
135	107	0.5163
135	109	0.5419
135	110	0.5216
135	135	1
135	147	0.5279
135	148	0.5235
135	153	0.5293
135	160	0.5323
135	173	0.5252
135	196	0.5287
135	218	0.5319
135	231	0.5357
135	315	0.5327
136	136	1
136	223	0.5183
136	283	0.5302
137	46	0.5183
137	137	1
137	140	0.5351
137	201	0.5249
137	245	0.5318
138	36	0.5172
138	74	0.53
138	81	0.5393
138	85	0.5246
138	116	0.5246
138	117	0.5275
138	124	0.5265
138	138	1
138	147	0.5259
138	156	0.5518
138	171	0.5204
138	225	0.5242
138	239	0.5294
138	297	0.5287
138	300	0.5195
139	30	0.5229
139	64	0.5136
139	82	0.5199
139	123	0.5255
139	124	0.5243
139	139	1
139	145	0.5207
139	176	0.5125
139	206	0.5091
139	207	0.5056
139	225	0.5294
139	241	0.511
139	254	0.5199
139	258	0.523
139	266	0.5275
139	271	0.521
139	297	0.5271
140	19	0.5341
140	46	0.52
140	77	0.5248
140	110	0.5306
140	121	0.5205
140	137	0.5351
140	140	1
140	142	0.5383
140	159	0.5286
140	161	0.5302
140	173	0.5273
140	179	0.5303
140	227	0.5311
140	250	0.5227
140	260	0.5262
140	261	0.5119
140	269	0.5065
140	276	0.5338
141	95	0.5176
141	141	1
142	9	0.5422
142	11	0.5304
142	46	0.5192
142	48	0.5323
142	49	0.5285
142	58	0.5351
142	59	0.5333
142	61	0.523
142	91	0.5356
142	96	0.5408
142	114	0.5143
142	118	0.5183
142	127	0.529
142	135	0.5286
142	140	0.5383
142	142	1
142	173	0.5306
142	174	0.5258
142	179	0.5336
142	182	0.5408
142	184	0.543
142	186	0.5275
142	188	0.5434
142	204	0.5285
142	227	0.5349
142	241	0.5101
142	260	0.5233
142	287	0.5395
142	304	0.5277
142	306	0.5285
143	30	0.5169
143	40	0.5204
143	82	0.5153
143	112	0.5029
143	143	1
143	207	0.5067
143	258	0.5225
143	280	0.5214
143	295	0.5206
144	20	0.5314
144	40	0.5235
144	124	0.5257
144	139	0.5215
144	141	0.5162
144	144	1
144	154	0.5339
144	155	0.5302
144	179	0.5333
144	183	0.5242
144	201	0.5319
144	225	0.5303
144	231	0.5238
144	249	0.5213
144	300	0.5227
145	1	0.5292
145	16	0.5184
145	30	0.5173
145	124	0.5289
145	139	0.5207
145	145	1
145	207	0.5063
145	280	0.5249
145	292	0.5206
145	299	0.5226
146	19	0.5267
146	94	0.5247
146	108	0.543
146	146	1
147	50	0.5249
147	82	0.5178
147	117	0.5234
147	135	0.5279
147	147	1
147	156	0.531
147	176	0.512
147	269	0.5122
147	274	0.5229
147	300	0.5198
148	38	0.5294
148	74	0.5268
148	148	1
149	112	0.5063
149	133	0.5212
149	149	1
149	192	0.5233
149	211	0.5174
149	221	0.5304
149	242	0.5141
149	277	0.5174
149	310	0.5217
150	8	0.5232
150	23	0.5398
150	41	0.5545
150	115	0.5296
150	119	0.5461
150	130	0.5526
150	150	1
150	152	0.5175
150	167	0.5519
150	236	0.5656
150	240	0.5391
150	246	0.5393
150	298	0.5169
151	5	0.5473
151	9	0.5501
151	11	0.5476
151	12	0.5408
151	13	0.5348
151	18	0.5505
151	20	0.5365
151	26	0.5329
151	28	0.5306
151	34	0.5408
151	47	0.5207
151	48	0.533
151	53	0.544
151	54	0.5399
151	58	0.5361
151	59	0.5341
151	62	0.5641
151	67	0.5454
151	68	0.565
151	73	0.5238
151	74	0.5338
151	83	0.5535
151	85	0.5464
151	87	0.5663
151	88	0.5309
151	91	0.5295
151	98	0.5408
151	100	0.5317
151	102	0.5425
151	105	0.5387
151	106	0.5361
151	111	0.5535
151	116	0.5226
151	125	0.5593
151	134	0.5368
151	136	0.5295
151	141	0.5216
151	142	0.5361
151	144	0.5298
151	151	1
151	159	0.5258
151	160	0.5336
151	161	0.5361
151	173	0.5372
151	177	0.5571
151	178	0.5383
151	185	0.5335
151	186	0.5273
151	187	0.5447
151	189	0.5491
151	194	0.5416
151	195	0.5361
151	200	0.5303
151	201	0.5323
151	204	0.5284
151	205	0.5273
151	214	0.5353
151	218	0.5332
151	220	0.5316
151	235	0.5399
151	249	0.5156
151	259	0.5535
151	262	0.5191
151	263	0.5388
151	273	0.5464
151	279	0.5354
151	285	0.5444
151	287	0.5335
151	291	0.5423
151	301	0.5503
151	304	0.5275
151	312	0.5416
152	92	0.6098
152	133	0.5222
152	152	1
153	20	0.5312
153	95	0.5218
153	110	0.524
153	135	0.5293
153	153	1
153	292	0.5134
154	37	0.5175
154	48	0.5309
154	49	0.5348
154	114	0.5172
154	144	0.5339
154	154	1
154	166	0.529
154	238	0.5444
154	241	0.5086
155	12	0.5513
155	65	0.5227
155	69	0.5302
155	77	0.5223
155	137	0.5201
155	144	0.5302
155	155	1
155	210	0.5337
155	230	0.5257
155	237	0.5303
156	20	0.5328
156	25	0.5425
156	40	0.54
156	107	0.5181
156	116	0.5232
156	123	0.5288
156	124	0.5228
156	138	0.5518
156	141	0.5196
156	147	0.531
156	153	0.5251
156	156	1
156	196	0.5277
156	215	0.516
156	216	0.5161
156	229	0.5277
156	253	0.5152
156	258	0.5278
156	289	0.5238
157	7	0.5268
157	12	0.5418
157	14	0.5302
157	15	0.529
157	24	0.5298
157	29	0.5309
157	49	0.5268
157	50	0.5232
157	59	0.5337
157	61	0.5278
157	81	0.5408
157	93	0.5498
157	105	0.5302
157	109	0.5398
157	111	0.5434
157	133	0.5149
157	138	0.5378
157	142	0.5361
157	146	0.5323
157	147	0.5267
157	148	0.5271
157	155	0.5282
157	157	1
157	160	0.5333
157	175	0.5323
157	178	0.5388
157	184	0.5361
157	196	0.528
157	200	0.5295
157	213	0.529
157	224	0.5341
157	227	0.5262
157	238	0.5644
157	239	0.5425
157	245	0.5262
157	251	0.5323
157	252	0.5429
157	263	0.5395
157	268	0.5556
157	270	0.537
157	272	0.5408
157	274	0.5418
157	282	0.5192
157	284	0.5549
157	290	0.5361
158	19	0.529
158	24	0.529
158	46	0.5173
158	55	0.5464
158	117	0.529
158	126	0.529
158	158	1
158	179	0.5335
158	237	0.5285
158	276	0.5296
158	278	0.5323
158	286	0.5391
159	34	0.5302
159	38	0.5452
159	65	0.5205
159	121	0.522
159	159	1
159	166	0.5271
159	174	0.5448
159	216	0.5159
159	217	0.523
159	275	0.5344
160	15	0.5339
160	32	0.5279
160	63	0.5343
160	82	0.5184
160	85	0.5259
160	114	0.5198
160	135	0.5323
160	143	0.5169
160	160	1
160	164	0.5418
160	173	0.5246
160	175	0.5309
160	196	0.528
160	228	0.524
160	231	0.5306
160	305	0.5198
161	4	0.5216
161	55	0.5332
161	88	0.5181
161	99	0.5216
161	110	0.5243
161	140	0.5302
161	161	1
161	219	0.5284
161	224	0.5323
161	264	0.5181
161	285	0.5323
161	306	0.5454
162	21	0.5464
162	29	0.5376
162	31	0.5337
162	32	0.5262
162	51	0.5379
162	73	0.5208
162	84	0.5323
162	96	0.5418
162	100	0.529
162	102	0.5522
162	162	1
162	189	0.5481
162	203	0.5429
162	279	0.5524
162	287	0.5309
162	293	0.5332
162	308	0.5464
162	312	0.551
163	1	0.521
163	45	0.5315
163	143	0.5163
163	163	1
163	201	0.5262
163	215	0.5288
163	228	0.5276
163	249	0.5235
163	250	0.5311
163	254	0.5239
163	276	0.5323
164	11	0.5331
164	36	0.5207
164	48	0.5284
164	103	0.529
164	127	0.5262
164	128	0.5454
164	160	0.5418
164	164	1
164	187	0.5393
164	219	0.5271
164	233	0.5408
164	237	0.5269
164	249	0.5145
164	309	0.538
165	8	0.5245
165	12	0.5408
165	17	0.5323
165	21	0.5498
165	22	0.5464
165	31	0.5454
165	32	0.5273
165	35	0.5452
165	53	0.5449
165	55	0.5341
165	60	0.5601
165	61	0.5273
165	62	0.5552
165	68	0.5475
165	72	0.5429
165	73	0.5216
165	89	0.529
165	98	0.5552
165	100	0.5391
165	104	0.5249
165	107	0.5161
165	109	0.5388
165	117	0.5376
165	121	0.5211
165	125	0.5648
165	126	0.5398
165	129	0.5379
165	165	1
165	166	0.529
165	168	0.5725
165	175	0.5383
165	178	0.5379
165	179	0.5335
165	181	0.5477
165	184	0.5351
165	186	0.5345
165	187	0.5559
165	196	0.5275
165	200	0.5361
165	213	0.5282
165	218	0.5323
165	224	0.5332
165	230	0.5316
165	232	0.5452
165	247	0.5454
165	248	0.5306
165	251	0.5318
165	256	0.5383
165	262	0.5216
165	267	0.5563
165	301	0.5408
165	302	0.5361
165	303	0.5361
165	312	0.5535
166	44	0.5316
166	56	0.5232
166	154	0.529
166	159	0.5271
166	166	1
166	259	0.5464
166	303	0.5398
166	315	0.5361
167	3	0.5361
167	23	0.5436
167	41	0.5721
167	119	0.5649
167	133	0.5111
167	149	0.5142
167	150	0.5519
167	167	1
167	183	0.5225
167	192	0.5169
167	242	0.5238
167	298	0.5157
167	310	0.5064
168	3	0.5281
168	15	0.5316
168	22	0.5395
168	23	0.5401
168	33	0.5703
168	41	0.5578
168	42	0.5593
168	52	0.5626
168	53	0.5361
168	60	0.7314
168	70	0.5464
168	72	0.5491
168	79	0.5703
168	87	0.5682
168	88	0.5216
168	93	0.5578
168	101	0.5341
168	119	0.5472
168	120	0.5547
168	128	0.5498
168	130	0.6637
168	132	0.5314
168	136	0.5221
168	165	0.5725
168	167	0.5204
168	168	1
168	170	0.6209
168	180	0.5842
168	181	0.5552
168	194	0.5609
168	202	0.5486
168	208	0.5434
168	209	0.5606
168	213	0.5323
168	232	0.552
168	233	0.5323
168	236	0.5653
168	240	0.5395
168	242	0.5179
168	246	0.5626
168	247	0.5398
168	248	0.5351
168	255	0.5348
168	275	0.5341
168	283	0.5323
168	288	0.5991
168	290	0.5238
168	291	0.5475
168	294	0.5173
168	309	0.5486
168	314	0.5535
169	14	0.5273
169	65	0.5262
169	81	0.5368
169	103	0.529
169	169	1
169	193	0.5282
169	226	0.523
169	255	0.5383
169	283	0.5361
170	10	0.5323
170	17	0.5314
170	23	0.5498
170	41	0.5701
170	51	0.5388
170	53	0.5587
170	60	0.622
170	72	0.5418
170	89	0.5202
170	99	0.5332
170	119	0.5411
170	120	0.5302
170	130	0.6173
170	133	0.5143
170	150	0.5309
170	167	0.529
170	168	0.6209
170	170	1
170	180	0.5671
170	181	0.5593
170	190	0.528
170	194	0.5641
170	205	0.5243
170	209	0.5505
170	213	0.5275
170	232	0.544
170	236	0.5578
170	240	0.5452
170	243	0.5345
170	245	0.5249
170	246	0.5764
170	248	0.5298
170	250	0.5231
170	255	0.5421
170	265	0.5205
170	288	0.5854
170	291	0.5513
170	302	0.5348
171	16	0.5228
171	116	0.5217
171	171	1
171	215	0.5193
171	253	0.5169
171	295	0.5199
172	7	0.5399
172	8	0.5306
172	17	0.537
172	37	0.5464
172	70	0.5563
172	117	0.5252
172	118	0.5122
172	163	0.5243
172	172	1
172	191	0.5421
172	234	0.5306
172	271	0.5423
172	294	0.5216
172	305	0.5323
172	313	0.5198
173	75	0.5208
173	85	0.5282
173	97	0.5449
173	173	1
173	241	0.5114
173	305	0.5265
174	9	0.5434
174	38	0.5327
174	103	0.5448
174	121	0.5216
174	152	0.5186
174	159	0.5448
174	174	1
174	175	0.5293
174	176	0.5114
174	216	0.5156
174	231	0.5243
174	305	0.5272
175	37	0.5195
175	59	0.5361
175	61	0.5272
175	66	0.5367
175	71	0.5335
175	143	0.5218
175	147	0.5265
175	152	0.5159
175	156	0.5264
175	160	0.5309
175	174	0.5293
175	175	1
175	213	0.5277
175	216	0.5184
175	226	0.5201
175	251	0.5302
175	258	0.5227
175	261	0.5117
175	305	0.5193
176	176	1
176	206	0.5168
176	207	0.5148
176	241	0.5207
177	9	0.5372
177	28	0.5284
177	38	0.5284
177	52	0.5663
177	54	0.5388
177	68	0.5464
177	71	0.5368
177	74	0.5323
177	83	0.5429
177	85	0.5387
177	89	0.5202
177	103	0.5306
177	106	0.5341
177	141	0.5191
177	151	0.5571
177	159	0.538
177	164	0.5309
177	173	0.529
177	177	1
177	182	0.5425
177	187	0.5345
177	189	0.5498
177	190	0.528
177	194	0.5408
177	205	0.5337
177	213	0.5275
177	216	0.5216
177	217	0.5221
177	248	0.5298
177	255	0.5569
177	268	0.5348
177	272	0.552
177	294	0.5135
177	304	0.5314
177	305	0.5216
177	306	0.5255
178	2	0.5278
178	76	0.5268
178	78	0.5323
178	81	0.5329
178	86	0.5399
178	109	0.5399
178	117	0.5311
178	121	0.5242
178	129	0.5302
178	138	0.5266
178	146	0.5257
178	178	1
178	191	0.5333
178	212	0.5275
178	218	0.5336
178	244	0.5243
178	257	0.5157
178	271	0.5173
178	281	0.5353
178	314	0.5296
179	37	0.5189
179	39	0.5374
179	46	0.5188
179	64	0.5167
179	73	0.5234
179	137	0.52
179	140	0.5303
179	144	0.5333
179	158	0.5335
179	176	0.5094
179	179	1
179	251	0.5361
179	278	0.5249
179	284	0.5449
179	304	0.5268
180	17	0.53
180	33	0.6075
180	42	0.5854
180	43	0.5376
180	51	0.5535
180	57	0.5408
180	60	0.6031
180	72	0.5434
180	92	0.5243
180	97	0.5361
180	130	0.5549
180	131	0.5535
180	168	0.5842
180	170	0.5671
180	180	1
180	189	0.5563
180	198	0.5626
180	236	0.5398
180	243	0.5341
180	302	0.5341
181	3	0.5204
181	26	0.5309
181	66	0.5323
181	88	0.5181
181	97	0.5361
181	118	0.5137
181	120	0.5302
181	122	0.5477
181	134	0.5353
181	165	0.5477
181	169	0.5314
181	170	0.5593
181	172	0.529
181	181	1
181	198	0.5535
181	223	0.5198
181	244	0.5306
181	246	0.5444
182	18	0.529
182	19	0.5284
182	25	0.5386
182	28	0.5285
182	31	0.5498
182	35	0.5503
182	73	0.5223
182	81	0.5374
182	121	0.529
182	127	0.5273
182	142	0.5408
182	158	0.5337
182	173	0.5351
182	177	0.5425
182	182	1
182	185	0.5311
182	191	0.5308
182	193	0.5302
182	204	0.5423
182	223	0.5155
182	224	0.5316
182	251	0.531
182	258	0.5307
182	284	0.5567
182	287	0.5311
183	3	0.5211
183	16	0.5192
183	40	0.5229
183	95	0.518
183	124	0.5245
183	149	0.5108
183	167	0.5225
183	183	1
183	225	0.5343
183	229	0.5214
183	242	0.5157
183	253	0.5186
183	258	0.5266
183	262	0.5195
183	266	0.5242
183	277	0.5129
183	299	0.5301
184	27	0.5298
184	55	0.5332
184	58	0.5348
184	69	0.5268
184	93	0.5464
184	106	0.5341
184	142	0.543
184	184	1
184	217	0.5221
184	218	0.5318
185	50	0.5224
185	86	0.5348
185	185	1
185	200	0.5336
185	219	0.5275
185	237	0.5391
185	252	0.5545
185	276	0.5349
185	315	0.5313
186	186	1
186	187	0.5423
186	188	0.5439
186	204	0.5267
186	262	0.5223
186	295	0.5219
186	301	0.5567
186	306	0.5348
187	9	0.5371
187	83	0.5416
187	141	0.521
187	164	0.5393
187	165	0.5559
187	171	0.5201
187	175	0.5318
187	186	0.5423
187	187	1
187	188	0.5535
187	200	0.5356
187	218	0.544
187	262	0.5225
187	281	0.5425
187	297	0.5255
187	301	0.5578
187	304	0.5268
188	12	0.5408
188	21	0.5748
188	24	0.5309
188	26	0.5489
188	32	0.5361
188	47	0.5207
188	68	0.5464
188	83	0.5535
188	96	0.5434
188	141	0.5216
188	142	0.5434
188	156	0.5274
188	186	0.5439
188	187	0.5535
188	188	1
188	199	0.5238
188	201	0.5266
188	213	0.5302
188	234	0.5285
188	238	0.537
188	263	0.5388
188	285	0.5444
188	297	0.5311
188	301	0.5408
188	306	0.5284
189	6	0.5391
189	7	0.5351
189	17	0.53
189	33	0.6075
189	35	0.5464
189	42	0.5854
189	43	0.5376
189	52	0.5777
189	54	0.5395
189	57	0.5408
189	72	0.5434
189	80	0.5275
189	86	0.5383
189	87	0.5918
189	97	0.5361
189	102	0.5434
189	103	0.5296
189	115	0.5311
189	125	0.5748
189	131	0.5535
189	132	0.5372
189	151	0.5491
189	154	0.5332
189	162	0.5481
189	177	0.5498
189	180	0.5563
189	186	0.5332
189	189	1
189	195	0.5498
189	198	0.5626
189	199	0.529
189	203	0.5464
189	212	0.5316
189	222	0.5626
189	227	0.5341
189	237	0.5267
189	243	0.5341
189	252	0.5421
189	255	0.5444
189	257	0.5159
189	260	0.5262
189	268	0.5341
189	272	0.5391
189	282	0.5262
189	284	0.5421
189	287	0.5306
189	293	0.5335
189	301	0.5408
189	306	0.5351
189	308	0.5372
190	150	0.5262
190	190	1
191	18	0.5335
191	25	0.5417
191	29	0.5346
191	48	0.529
191	49	0.5323
191	50	0.5234
191	86	0.5338
191	100	0.5286
191	110	0.5249
191	120	0.529
191	136	0.5213
191	139	0.5219
191	172	0.5421
191	178	0.5333
191	191	1
191	212	0.5306
192	149	0.5233
192	192	1
192	211	0.5198
192	221	0.5225
192	242	0.5339
192	277	0.529
192	310	0.5172
193	15	0.5335
193	47	0.533
193	56	0.5345
193	122	0.5429
193	169	0.5282
193	193	1
193	259	0.5498
193	269	0.5114
193	300	0.5212
193	302	0.53
194	23	0.5281
194	34	0.5367
194	50	0.5278
194	58	0.5317
194	60	0.5648
194	63	0.5277
194	66	0.5388
194	67	0.5398
194	77	0.5238
194	78	0.5344
194	88	0.5249
194	92	0.5238
194	93	0.5395
194	122	0.5418
194	134	0.5408
194	155	0.533
194	161	0.5298
194	168	0.5609
194	170	0.5641
194	177	0.5408
194	178	0.533
194	179	0.5374
194	185	0.5368
194	194	1
194	200	0.5395
194	202	0.5464
194	210	0.537
194	218	0.5356
194	227	0.5309
194	233	0.5335
194	237	0.5258
194	247	0.5399
194	255	0.5361
194	265	0.5224
194	267	0.5275
194	284	0.5464
194	309	0.5383
194	314	0.5323
195	4	0.5216
195	24	0.5282
195	28	0.5368
195	35	0.5563
195	47	0.5262
195	51	0.5388
195	72	0.5418
195	75	0.5204
195	83	0.5429
195	89	0.5202
195	132	0.537
195	141	0.5253
195	154	0.5337
195	189	0.5498
195	190	0.528
195	195	1
195	204	0.5255
195	239	0.5408
195	245	0.5249
195	260	0.5282
196	113	0.5125
196	114	0.5159
196	127	0.529
196	134	0.5408
196	135	0.5287
196	143	0.5173
196	153	0.5257
196	156	0.5277
196	160	0.528
196	196	1
196	313	0.5155
197	2	0.5393
197	14	0.528
197	29	0.5285
197	38	0.5275
197	48	0.529
197	100	0.5285
197	105	0.528
197	108	0.5439
197	197	1
197	241	0.5084
197	262	0.5216
197	264	0.5193
197	299	0.5245
198	17	0.5323
198	22	0.5516
198	33	0.6289
198	42	0.5991
198	43	0.5408
198	57	0.5444
198	72	0.5626
198	79	0.5748
198	87	0.5703
198	97	0.5391
198	102	0.5464
198	120	0.5306
198	125	0.5563
198	128	0.5464
198	131	0.5593
198	133	0.5116
198	180	0.5626
198	181	0.5535
198	189	0.5626
198	190	0.5275
198	195	0.5361
198	198	1
198	282	0.528
198	286	0.5434
199	37	0.5271
199	43	0.5452
199	52	0.5593
199	76	0.5306
199	199	1
200	18	0.5315
200	50	0.5273
200	64	0.5155
200	74	0.5286
200	114	0.5166
200	185	0.5336
200	187	0.5356
200	200	1
200	218	0.5333
200	234	0.5244
200	287	0.5336
200	304	0.5329
201	27	0.5227
201	77	0.5262
201	137	0.5249
201	144	0.5319
201	163	0.5262
201	201	1
201	237	0.5277
201	265	0.5285
202	5	0.5408
202	48	0.5323
202	60	0.5854
202	79	0.5825
202	92	0.5166
202	99	0.5198
202	154	0.5361
202	166	0.529
202	194	0.5464
202	202	1
202	205	0.5238
202	248	0.5464
202	252	0.5464
202	259	0.5498
202	267	0.5335
202	268	0.5408
202	272	0.5444
202	290	0.5383
202	291	0.5464
202	303	0.5391
203	6	0.5361
203	13	0.5408
203	14	0.5278
203	24	0.5268
203	26	0.5296
203	43	0.5477
203	45	0.5205
203	48	0.529
203	55	0.5314
203	77	0.5249
203	84	0.5314
203	92	0.5177
203	93	0.5434
203	99	0.5314
203	131	0.5449
203	132	0.5353
203	140	0.529
203	144	0.5332
203	158	0.5332
203	161	0.5323
203	162	0.5429
203	179	0.5317
203	203	1
203	214	0.5314
203	216	0.5204
203	222	0.5535
203	231	0.5299
203	233	0.5439
203	251	0.5367
203	264	0.5268
203	267	0.5408
203	273	0.544
203	276	0.5447
203	293	0.5323
204	110	0.5189
204	182	0.5423
204	186	0.5267
204	204	1
204	254	0.5177
204	306	0.5278
205	23	0.5251
205	205	1
205	298	0.5185
206	112	0.5025
206	113	0.5179
206	176	0.5168
206	206	1
206	207	0.5191
206	241	0.5217
207	176	0.5148
207	206	0.5191
207	207	1
207	241	0.5091
207	310	0.5043
208	32	0.5278
208	39	0.5314
208	54	0.5408
208	80	0.5302
208	208	1
208	298	0.5262
209	12	0.5549
209	25	0.5349
209	60	0.5653
209	62	0.5587
209	67	0.5491
209	93	0.5516
209	126	0.5306
209	146	0.5238
209	164	0.533
209	168	0.5606
209	170	0.5505
209	181	0.5372
209	209	1
209	213	0.5298
209	214	0.5361
209	217	0.5238
209	224	0.5351
209	285	0.5609
209	286	0.5425
209	289	0.528
209	303	0.5383
209	314	0.5388
210	83	0.5498
210	91	0.5329
210	118	0.5127
210	155	0.5337
210	208	0.5323
210	210	1
210	227	0.5316
210	274	0.5361
211	149	0.5174
211	192	0.5198
211	211	1
211	242	0.5308
211	277	0.6244
211	310	0.5276
212	9	0.5353
212	10	0.5314
212	94	0.5266
212	103	0.5357
212	115	0.5238
212	153	0.5202
212	156	0.5264
212	191	0.5306
212	212	1
212	243	0.5395
212	257	0.5306
212	315	0.5376
213	71	0.5393
213	77	0.5227
213	83	0.5454
213	99	0.5268
213	132	0.5309
213	152	0.514
213	174	0.5262
213	175	0.5277
213	213	1
213	226	0.5198
213	247	0.5376
213	257	0.5161
213	279	0.5284
213	298	0.5207
214	12	0.5388
214	21	0.5464
214	28	0.5278
214	48	0.5298
214	88	0.5176
214	102	0.5522
214	104	0.5238
214	214	1
214	263	0.5361
214	273	0.5452
214	278	0.5221
214	285	0.5429
215	1	0.5186
215	113	0.5073
215	163	0.5288
215	171	0.5193
215	206	0.5056
215	215	1
215	253	0.5209
215	266	0.5216
215	292	0.5146
215	304	0.5268
216	8	0.5351
216	216	1
216	271	0.5207
217	217	1
217	294	0.5157
218	20	0.5338
218	56	0.5223
218	68	0.5452
218	95	0.5225
218	107	0.5155
218	135	0.5319
218	148	0.5271
218	156	0.5267
218	174	0.5249
218	178	0.5336
218	187	0.544
218	200	0.5333
218	218	1
218	231	0.5302
218	289	0.5274
218	297	0.5257
219	45	0.52
219	76	0.5284
219	77	0.529
219	161	0.5284
219	163	0.5244
219	219	1
219	294	0.514
219	296	0.529
219	307	0.5329
220	26	0.5273
220	27	0.5255
220	34	0.5361
220	39	0.5353
220	69	0.5232
220	86	0.533
220	102	0.5464
220	144	0.5314
220	220	1
220	250	0.5311
220	260	0.5243
220	289	0.5241
220	296	0.5295
220	307	0.5345
220	308	0.5416
221	92	0.5164
221	112	0.5039
221	133	0.5191
221	149	0.5304
221	192	0.5225
221	211	0.5143
221	221	1
221	253	0.5174
221	277	0.5088
221	292	0.5147
221	310	0.5125
222	5	0.5559
222	7	0.5243
222	9	0.5361
222	11	0.5341
222	19	0.5268
222	27	0.5388
222	34	0.5387
222	35	0.5535
222	44	0.5255
222	62	0.5644
222	65	0.5268
222	67	0.5549
222	70	0.5491
222	74	0.5387
222	78	0.551
222	80	0.5278
222	81	0.5376
222	84	0.5314
222	98	0.5505
222	106	0.5323
222	108	0.537
222	122	0.5452
222	125	0.5748
222	140	0.5376
222	142	0.5415
222	154	0.5416
222	158	0.5452
222	162	0.5429
222	177	0.544
222	189	0.5626
222	196	0.5328
222	201	0.5299
222	203	0.5535
222	209	0.5477
222	220	0.5379
222	222	1
222	231	0.5425
222	240	0.5429
222	248	0.5388
222	252	0.5498
222	273	0.5563
222	287	0.5391
222	289	0.5323
222	291	0.5399
222	293	0.5323
222	304	0.5306
222	308	0.5353
223	113	0.5089
223	118	0.519
223	129	0.5286
223	211	0.5015
223	223	1
224	45	0.5205
224	62	0.5505
224	63	0.529
224	66	0.5418
224	67	0.5429
224	68	0.5653
224	153	0.5176
224	161	0.5323
224	224	1
224	271	0.5202
224	282	0.5171
225	16	0.522
225	30	0.5294
225	40	0.5336
225	95	0.5242
225	116	0.5291
225	123	0.5302
225	124	0.5288
225	139	0.5294
225	144	0.5303
225	171	0.5231
225	183	0.5343
225	206	0.5069
225	225	1
225	258	0.5227
225	265	0.519
225	266	0.5286
225	280	0.5233
225	295	0.5306
226	101	0.5323
226	129	0.5298
226	226	1
226	302	0.5408
227	71	0.5367
227	137	0.5253
227	140	0.5311
227	227	1
228	163	0.5276
228	228	1
229	30	0.5229
229	107	0.5193
229	112	0.5037
229	123	0.5236
229	153	0.5174
229	156	0.5277
229	171	0.5198
229	183	0.5214
229	221	0.5155
229	229	1
229	254	0.5216
229	258	0.5283
229	262	0.5232
229	265	0.5223
229	266	0.5205
229	292	0.5243
229	299	0.523
230	36	0.5207
230	39	0.5361
230	104	0.5238
230	217	0.522
230	230	1
230	249	0.5145
230	250	0.5274
230	261	0.5202
230	294	0.5157
230	308	0.5415
231	114	0.519
231	135	0.5357
231	160	0.5306
231	215	0.5167
231	218	0.5302
231	231	1
231	262	0.5196
232	3	0.5198
232	7	0.5243
232	24	0.5268
232	29	0.5284
232	76	0.5323
232	96	0.5408
232	118	0.5132
232	120	0.529
232	130	0.5589
232	140	0.5376
232	199	0.529
232	210	0.5398
232	232	1
232	240	0.5314
232	246	0.5524
232	248	0.5388
232	288	0.5475
232	291	0.5399
232	302	0.5481
233	13	0.5355
233	26	0.5271
233	35	0.5439
233	85	0.5277
233	132	0.5387
233	145	0.5227
233	164	0.5408
233	203	0.5439
233	233	1
233	234	0.5238
233	237	0.531
233	238	0.5376
233	279	0.5361
233	294	0.5227
233	304	0.5287
234	90	0.5262
234	111	0.5296
234	148	0.5228
234	172	0.5306
234	234	1
234	287	0.5323
235	2	0.529
235	6	0.5314
235	45	0.5249
235	71	0.54
235	76	0.5282
235	88	0.5148
235	97	0.5408
235	219	0.5323
235	233	0.5323
235	235	1
235	244	0.5353
235	255	0.5464
235	271	0.5181
235	296	0.5361
235	301	0.564
235	312	0.5444
236	41	0.5776
236	88	0.5185
236	89	0.5201
236	119	0.5599
236	129	0.5329
236	130	0.5933
236	150	0.5656
236	167	0.5277
236	168	0.5653
236	170	0.5578
236	236	1
236	240	0.5567
236	242	0.526
236	283	0.5337
236	288	0.5423
236	298	0.5166
236	314	0.5323
237	34	0.5388
237	155	0.5303
237	185	0.5391
237	201	0.5277
237	237	1
238	7	0.5262
238	63	0.5303
238	90	0.523
238	105	0.5383
238	126	0.529
238	145	0.5207
238	154	0.5444
238	157	0.5644
238	172	0.5298
238	184	0.5351
238	233	0.5376
238	238	1
238	256	0.5663
238	268	0.5361
238	286	0.5578
238	301	0.5408
238	306	0.5262
239	24	0.5273
239	59	0.538
239	137	0.5238
239	138	0.5294
239	157	0.5425
239	195	0.5408
239	239	1
240	3	0.5255
240	23	0.5238
240	41	0.5434
240	119	0.5298
240	150	0.5391
240	152	0.5162
240	167	0.5286
240	190	0.5271
240	192	0.511
240	236	0.5567
240	240	1
240	242	0.5231
240	246	0.5434
240	248	0.5398
240	257	0.5198
240	288	0.5598
240	291	0.5503
240	293	0.5332
241	113	0.512
241	176	0.5207
241	206	0.5217
241	207	0.5091
241	241	1
242	3	0.5374
242	41	0.5507
242	119	0.5525
242	149	0.5141
242	167	0.5238
242	192	0.5339
242	211	0.5308
242	242	1
242	277	0.5224
242	310	0.5063
243	10	0.5328
243	32	0.5421
243	37	0.5178
243	51	0.5383
243	61	0.5212
243	103	0.5378
243	147	0.5271
243	185	0.5323
243	212	0.5395
243	243	1
243	313	0.5247
243	315	0.5333
244	15	0.5335
244	44	0.5243
244	235	0.5353
244	244	1
245	27	0.5309
245	49	0.5273
245	89	0.5295
245	137	0.5318
245	245	1
245	282	0.5211
246	10	0.5262
246	23	0.5542
246	41	0.5821
246	109	0.5376
246	119	0.5552
246	130	0.6343
246	136	0.5216
246	150	0.5393
246	167	0.5203
246	168	0.5626
246	170	0.5764
246	181	0.5444
246	190	0.5298
246	223	0.516
246	232	0.5524
246	236	0.5387
246	240	0.5434
246	246	1
246	288	0.5972
246	290	0.5223
246	291	0.5489
246	299	0.5223
246	300	0.5184
247	28	0.5295
247	50	0.5317
247	56	0.5376
247	63	0.5306
247	66	0.5425
247	97	0.5361
247	99	0.5243
247	109	0.5464
247	113	0.5089
247	121	0.5229
247	127	0.5281
247	129	0.5368
247	134	0.5354
247	136	0.5216
247	138	0.5366
247	169	0.5323
247	191	0.5318
247	205	0.5341
247	213	0.5376
247	223	0.516
247	226	0.5275
247	247	1
247	251	0.5318
247	270	0.5439
247	300	0.5245
247	302	0.5351
247	306	0.5273
247	312	0.5493
248	9	0.5408
248	29	0.5267
248	50	0.5278
248	81	0.5439
248	92	0.5166
248	114	0.5262
248	202	0.5464
248	240	0.5398
248	248	1
248	257	0.5176
248	302	0.529
249	163	0.5235
249	249	1
249	277	0.5098
250	46	0.53
250	163	0.5311
250	229	0.5219
250	230	0.5274
250	250	1
250	265	0.5213
250	280	0.5229
251	8	0.5258
251	20	0.5295
251	36	0.5238
251	50	0.5244
251	81	0.5348
251	109	0.5521
251	139	0.5225
251	175	0.5302
251	179	0.5361
251	196	0.5274
251	251	1
251	297	0.5371
251	303	0.5383
252	5	0.5425
252	13	0.5383
252	15	0.5329
252	25	0.5505
252	29	0.5267
252	47	0.5232
252	49	0.5316
252	54	0.5653
252	58	0.5317
252	75	0.5275
252	91	0.5323
252	104	0.5216
252	108	0.5345
252	120	0.5273
252	122	0.5418
252	132	0.533
252	154	0.5302
252	157	0.5429
252	158	0.5306
252	160	0.5299
252	184	0.5408
252	185	0.5545
252	199	0.5268
252	202	0.5464
252	212	0.5295
252	222	0.5498
252	231	0.5408
252	237	0.5258
252	238	0.5418
252	252	1
252	262	0.5243
252	268	0.5434
252	270	0.5408
252	272	0.5452
252	273	0.5522
252	279	0.5302
252	284	0.5464
252	307	0.5353
252	313	0.5202
253	1	0.5333
253	124	0.5262
253	215	0.5209
253	221	0.5174
253	253	1
253	254	0.5172
253	292	0.521
253	299	0.5233
254	1	0.5214
254	112	0.5033
254	116	0.5217
254	143	0.5159
254	163	0.5239
254	206	0.5104
254	221	0.5147
254	229	0.5216
254	253	0.5172
254	254	1
254	292	0.5194
255	54	0.5464
255	76	0.528
255	115	0.5262
255	169	0.5383
255	177	0.5569
255	226	0.5323
255	235	0.5464
255	255	1
255	283	0.5335
255	313	0.5171
256	6	0.528
256	27	0.544
256	107	0.5171
256	234	0.5278
256	238	0.5663
256	250	0.5241
256	256	1
256	283	0.529
256	286	0.5626
257	84	0.5306
257	99	0.5198
257	104	0.5227
257	212	0.5306
257	257	1
258	30	0.5265
258	40	0.5244
258	64	0.5137
258	82	0.52
258	123	0.5219
258	124	0.5244
258	139	0.523
258	141	0.5154
258	143	0.5225
258	156	0.5278
258	171	0.5182
258	183	0.5266
258	207	0.5065
258	229	0.5283
258	241	0.5111
258	258	1
258	266	0.5206
258	295	0.5263
258	300	0.5166
259	5	0.5444
259	13	0.5399
259	14	0.5273
259	18	0.5344
259	37	0.5208
259	39	0.5379
259	44	0.5249
259	47	0.5243
259	51	0.5361
259	58	0.5329
259	59	0.5676
259	63	0.5286
259	71	0.5348
259	73	0.5266
259	81	0.5368
259	84	0.5306
259	92	0.5173
259	93	0.5421
259	122	0.544
259	127	0.5323
259	128	0.5505
259	134	0.5425
259	135	0.5318
259	138	0.5413
259	151	0.5535
259	154	0.5316
259	159	0.529
259	160	0.5372
259	166	0.5464
259	182	0.5399
259	193	0.5498
259	197	0.5296
259	202	0.5498
259	208	0.5332
259	212	0.5306
259	228	0.5207
259	230	0.529
259	239	0.5296
259	243	0.5416
259	259	1
259	279	0.5316
259	281	0.5408
259	285	0.5408
259	297	0.5286
259	307	0.5475
259	311	0.5398
259	315	0.5387
260	110	0.5207
260	260	1
260	308	0.5408
261	261	1
262	64	0.5215
262	229	0.5232
262	262	1
263	8	0.5262
263	12	0.5429
263	21	0.5535
263	24	0.5306
263	36	0.5223
263	49	0.5275
263	69	0.529
263	86	0.5298
263	90	0.5245
263	109	0.5408
263	111	0.5606
263	155	0.529
263	188	0.5388
263	214	0.5361
263	239	0.5337
263	263	1
263	264	0.5198
263	276	0.5309
263	285	0.5351
263	290	0.5376
263	293	0.5372
264	38	0.5323
264	82	0.5177
264	264	1
265	46	0.5216
265	112	0.5088
265	119	0.5323
265	192	0.513
265	201	0.5285
265	229	0.5223
265	265	1
265	280	0.5214
265	299	0.5291
265	310	0.5051
266	1	0.522
266	16	0.5199
266	30	0.5188
266	64	0.515
266	139	0.5275
266	183	0.5242
266	207	0.5063
266	215	0.5216
266	225	0.5286
266	266	1
266	277	0.5077
266	292	0.5214
266	295	0.5239
267	56	0.5255
267	84	0.5306
267	90	0.5314
267	121	0.5273
267	165	0.5563
267	264	0.5262
267	267	1
267	308	0.5345
268	7	0.5238
268	79	0.5682
268	90	0.5348
268	120	0.5298
268	148	0.5252
268	157	0.5556
268	202	0.5408
268	252	0.5434
268	268	1
268	269	0.5062
268	272	0.5408
268	290	0.5341
269	269	1
270	2	0.5348
270	12	0.5399
270	16	0.5213
270	25	0.5341
270	31	0.5354
270	39	0.5316
270	56	0.5296
270	61	0.5216
270	64	0.5196
270	67	0.5444
270	76	0.5255
270	78	0.5444
270	100	0.5387
270	105	0.5306
270	114	0.5119
270	115	0.5243
270	118	0.5166
270	123	0.5206
270	148	0.5277
270	152	0.5194
270	184	0.5353
270	196	0.5346
270	216	0.5157
270	223	0.5163
270	247	0.5439
270	270	1
270	272	0.5388
270	274	0.5309
270	281	0.5434
270	282	0.5216
270	300	0.5187
270	309	0.5341
271	139	0.521
271	172	0.5423
271	216	0.5207
271	271	1
271	282	0.5181
272	8	0.5271
272	39	0.5332
272	152	0.5181
272	174	0.5247
272	177	0.552
272	202	0.5444
272	212	0.5267
272	216	0.5245
272	227	0.5275
272	252	0.5452
272	257	0.523
272	261	0.511
272	268	0.5408
272	269	0.5159
272	270	0.5388
272	272	1
272	275	0.5323
272	294	0.5159
272	303	0.5395
273	4	0.5216
273	9	0.5372
273	11	0.529
273	13	0.5524
273	53	0.5434
273	54	0.5388
273	62	0.5535
273	63	0.5299
273	67	0.5452
273	75	0.5204
273	77	0.5258
273	91	0.5439
273	98	0.5395
273	126	0.5282
273	131	0.5648
273	134	0.5353
273	203	0.544
273	214	0.5452
273	219	0.5284
273	222	0.5563
273	224	0.5323
273	252	0.5522
273	269	0.5135
273	272	0.5383
273	273	1
273	275	0.5398
273	303	0.5351
273	315	0.5329
274	15	0.5323
274	50	0.5525
274	147	0.5229
274	157	0.5418
274	210	0.5361
274	274	1
275	2	0.5296
275	6	0.5323
275	29	0.5341
275	91	0.5393
275	115	0.5275
275	121	0.5335
275	159	0.5344
275	275	1
275	290	0.5271
276	14	0.5262
276	19	0.5252
276	36	0.5193
276	45	0.5204
276	47	0.5238
276	91	0.5313
276	104	0.5224
276	140	0.5338
276	158	0.5296
276	163	0.5323
276	185	0.5349
276	201	0.5282
276	203	0.5447
276	228	0.5208
276	276	1
276	278	0.5349
276	279	0.5295
276	296	0.5294
277	133	0.5171
277	149	0.5174
277	192	0.529
277	211	0.6244
277	242	0.5224
277	277	1
277	310	0.5158
278	39	0.5368
278	75	0.5211
278	158	0.5323
278	276	0.5349
278	278	1
278	279	0.5317
279	19	0.5376
279	46	0.5208
279	47	0.5193
279	75	0.5227
279	102	0.5399
279	162	0.5524
279	213	0.5284
279	233	0.5361
279	276	0.5295
279	278	0.5317
279	279	1
280	1	0.5217
280	30	0.5202
280	46	0.5196
280	82	0.5244
280	112	0.5034
280	116	0.5337
280	143	0.5214
280	145	0.5249
280	206	0.5056
280	211	0.501
280	221	0.519
280	225	0.5233
280	250	0.5229
280	253	0.519
280	254	0.5208
280	265	0.5214
280	266	0.5197
280	280	1
280	295	0.5285
280	299	0.5361
281	44	0.5255
281	59	0.5399
281	84	0.5314
281	126	0.537
281	129	0.5353
281	178	0.5353
281	187	0.5425
281	214	0.5314
281	270	0.5434
281	281	1
281	285	0.5418
282	271	0.5181
282	282	1
283	37	0.5169
283	129	0.5418
283	136	0.5302
283	169	0.5361
283	236	0.5337
283	256	0.529
283	283	1
284	5	0.5425
284	7	0.5316
284	15	0.5329
284	26	0.5278
284	39	0.5571
284	53	0.5372
284	57	0.5464
284	63	0.5397
284	68	0.5513
284	74	0.5295
284	78	0.5344
284	94	0.5316
284	106	0.5522
284	108	0.5345
284	118	0.5124
284	122	0.5418
284	140	0.5354
284	141	0.5175
284	144	0.5376
284	155	0.533
284	157	0.5549
284	174	0.5414
284	175	0.5413
284	178	0.533
284	179	0.5449
284	181	0.5408
284	182	0.5567
284	194	0.5464
284	200	0.5328
284	216	0.5186
284	251	0.5413
284	252	0.5464
284	270	0.5408
284	271	0.5189
284	274	0.5255
284	284	1
284	303	0.5418
284	314	0.5323
285	21	0.5449
285	48	0.529
285	55	0.5314
285	161	0.5323
285	188	0.5444
285	209	0.5609
285	214	0.5429
285	239	0.5302
285	263	0.5351
285	281	0.5418
285	285	1
286	26	0.5323
286	33	0.5825
286	36	0.5181
286	42	0.5626
286	79	0.5825
286	108	0.5434
286	155	0.5271
286	158	0.5391
286	169	0.5335
286	190	0.529
286	209	0.5425
286	214	0.5361
286	238	0.5578
286	244	0.5323
286	245	0.5245
286	256	0.5626
286	286	1
287	48	0.529
287	58	0.5395
287	61	0.5262
287	71	0.5344
287	73	0.5216
287	77	0.5255
287	90	0.5227
287	100	0.5285
287	121	0.528
287	134	0.5408
287	142	0.5395
287	200	0.5336
287	230	0.5295
287	234	0.5323
287	287	1
288	3	0.5183
288	10	0.5428
288	23	0.5452
288	41	0.5703
288	60	0.5606
288	94	0.5302
288	119	0.5461
288	120	0.5341
288	130	0.6355
288	167	0.5315
288	168	0.5991
288	170	0.5854
288	181	0.5388
288	192	0.5105
288	232	0.5475
288	236	0.5423
288	240	0.5598
288	242	0.5158
288	244	0.5255
288	246	0.5972
288	248	0.5345
288	288	1
288	291	0.572
288	314	0.5399
289	20	0.5348
289	30	0.5206
289	44	0.529
289	143	0.5171
289	229	0.5231
289	249	0.5173
289	289	1
289	298	0.5163
289	315	0.5379
290	257	0.5159
290	263	0.5376
290	268	0.5341
290	290	1
291	9	0.5413
291	23	0.5298
291	41	0.542
291	130	0.5711
291	170	0.5513
291	202	0.5464
291	205	0.5323
291	217	0.53
291	232	0.5399
291	236	0.5367
291	240	0.5503
291	246	0.5489
291	250	0.5235
291	288	0.572
291	291	1
291	306	0.5257
291	315	0.5383
292	112	0.5072
292	145	0.5206
292	206	0.5079
292	207	0.5067
292	211	0.5023
292	221	0.5147
292	229	0.5243
292	253	0.521
292	254	0.5194
292	266	0.5214
292	292	1
293	4	0.5216
293	38	0.5284
293	94	0.5255
293	132	0.537
293	228	0.5216
293	240	0.5332
293	245	0.5249
293	263	0.5372
293	293	1
293	307	0.5398
293	315	0.5329
294	8	0.528
294	294	1
295	30	0.5211
295	95	0.5244
295	124	0.5242
295	143	0.5206
295	171	0.5199
295	221	0.5171
295	225	0.5306
295	258	0.5263
295	266	0.5239
295	280	0.5285
295	292	0.5191
295	295	1
296	45	0.5286
296	101	0.5367
296	215	0.5163
296	219	0.529
296	228	0.5235
296	235	0.5361
296	260	0.522
296	296	1
297	1	0.5199
297	9	0.5368
297	16	0.5216
297	63	0.5284
297	82	0.5183
297	116	0.5291
297	134	0.5357
297	138	0.5287
297	139	0.5271
297	141	0.5219
297	215	0.5194
297	251	0.5371
297	295	0.5202
297	297	1
298	298	1
298	304	0.5319
299	1	0.5193
299	23	0.5248
299	46	0.5171
299	112	0.5026
299	116	0.5333
299	145	0.5226
299	149	0.5061
299	176	0.5109
299	183	0.5301
299	207	0.5056
299	215	0.5172
299	221	0.5169
299	229	0.523
299	241	0.5079
299	253	0.5233
299	254	0.52
299	265	0.5291
299	280	0.5361
299	299	1
300	56	0.5328
300	300	1
301	9	0.5402
301	11	0.5323
301	26	0.5354
301	47	0.5227
301	68	0.5503
301	78	0.5479
301	83	0.5475
301	84	0.5282
301	96	0.537
301	132	0.5323
301	142	0.5387
301	148	0.5238
301	151	0.5503
301	162	0.5388
301	177	0.5398
301	182	0.5376
301	186	0.5567
301	187	0.5578
301	188	0.5408
301	199	0.5262
301	201	0.5341
301	219	0.5329
301	235	0.564
301	238	0.5408
301	255	0.5351
301	279	0.5383
301	301	1
301	302	0.528
301	306	0.5399
301	312	0.5454
301	313	0.5198
302	94	0.5238
302	193	0.53
302	226	0.5408
302	232	0.5481
302	302	1
303	31	0.5353
303	56	0.5282
303	62	0.5552
303	67	0.5464
303	164	0.5316
303	166	0.5398
303	173	0.5295
303	193	0.5314
303	202	0.5391
303	204	0.5262
303	217	0.5227
303	251	0.5383
303	272	0.5395
303	303	1
304	37	0.5207
304	45	0.5202
304	48	0.5298
304	49	0.5323
304	61	0.5232
304	85	0.5259
304	145	0.5224
304	152	0.5133
304	159	0.5256
304	163	0.5238
304	176	0.5114
304	200	0.5329
304	215	0.5268
304	249	0.515
304	298	0.5319
304	304	1
305	38	0.5429
305	172	0.5323
305	173	0.5265
305	174	0.5272
305	269	0.5096
305	305	1
306	107	0.5193
306	114	0.5119
306	161	0.5454
306	186	0.5348
306	204	0.5278
306	306	1
307	24	0.5337
307	32	0.5311
307	35	0.5486
307	49	0.5309
307	55	0.5498
307	59	0.5368
307	69	0.5232
307	104	0.5211
307	107	0.5302
307	158	0.5298
307	219	0.5329
307	220	0.5345
307	239	0.5278
307	253	0.5155
307	259	0.5475
307	274	0.5249
307	293	0.5398
307	296	0.5295
307	307	1
308	8	0.5282
308	9	0.5386
308	22	0.5361
308	85	0.5266
308	91	0.53
308	98	0.5418
308	102	0.5434
308	115	0.5255
308	150	0.5257
308	162	0.5464
308	166	0.5316
308	220	0.5416
308	230	0.5415
308	249	0.5157
308	260	0.5408
308	267	0.5345
308	306	0.529
308	308	1
308	309	0.5354
309	27	0.5296
309	34	0.5318
309	49	0.5341
309	51	0.5545
309	66	0.5316
309	89	0.5216
309	91	0.5344
309	98	0.5475
309	104	0.5252
309	130	0.5553
309	164	0.538
309	204	0.5262
309	250	0.5238
309	289	0.5269
309	308	0.5354
309	309	1
309	315	0.5389
310	112	0.5904
310	149	0.5217
310	192	0.5172
310	211	0.5276
310	277	0.5158
310	310	1
311	59	0.5391
311	86	0.5353
311	101	0.537
311	146	0.529
311	244	0.5282
311	245	0.5323
311	250	0.5222
311	311	1
312	5	0.5425
312	13	0.5473
312	27	0.5262
312	31	0.5399
312	44	0.5238
312	50	0.5278
312	57	0.5464
312	65	0.5249
312	96	0.5379
312	98	0.5464
312	106	0.5408
312	118	0.5124
312	127	0.5378
312	146	0.5361
312	160	0.5299
312	162	0.551
312	165	0.5535
312	174	0.5344
312	175	0.529
312	177	0.5408
312	181	0.5408
312	182	0.5383
312	184	0.5408
312	185	0.5368
312	208	0.5314
312	210	0.537
312	230	0.5278
312	235	0.5444
312	244	0.5268
312	247	0.5493
312	256	0.5323
312	280	0.5218
312	281	0.5388
312	301	0.5454
312	311	0.5379
312	312	1
313	313	1
314	106	0.5361
314	288	0.5399
314	314	1
315	20	0.5391
315	127	0.5279
315	135	0.5327
315	147	0.5269
315	166	0.5361
315	185	0.5313
315	212	0.5376
315	243	0.5333
315	249	0.5161
315	250	0.5245
315	289	0.5379
315	290	0.5232
315	291	0.5383
315	293	0.5329
315	309	0.5389
315	315	1
